8973
7437
7213
4738
7525
1714
8049
2525
3684
2710
4978
9617
3935
7190
3349
6297
8723
2786
9786
9800
147
8177
1002
2617
3094
2340
9314
8355
1305
8650
5014
4094
2416
3228
7124
3904
9617
1966
6300
1445
9101
7742
891
3075
4253
3567
2778
1835
2043
9078
6199
767
8467
8997
9742
9518
8421
9012
4032
3629
9505
7116
3629
8811
8611
4305
2956
9372
1988
2734
9431
8320
2264
932
7650
2840
1191
6012
6898
1139
6289
9891
6993
363
9870
7457
67
2086
8845
9085
8660
5331
6379
8117
7834
1422
7137
1890
3262
8295
8237
792
6008
4647
3267
8541
6595
6636
5033
4024
1885
576
6293
4280
3864
1195
2752
7094
1255
9811
183
5926
1794
1158
407
1841
2473
829
9215
4645
3963
7636
4191
2810
5691
8536
4680
6886
1709
7950
6056
5349
4958
4944
8967
5452
6692
9809
3856
3288
9457
2579
7068
4000
1650
8705
7721
6657
776
4055
7701
2248
2857
5991
7534
7664
5606
7816
1283
6535
6662
3626
3763
9652
8539
5555
5824
8478
8821
585
5855
701
8533
1103
7615
7201
1203
5557
6612
6728
3610
9074
2227
4297
1522
4842
862
2172
3342
2611
5383
6892
7679
7398
4610
1900
8072
4093
253
6350
8961
6554
2075
9786
82
9899
7929
6178
5207
1485
9343
7638
1956
7831
4571
9430
8669
6849
4188
7596
6622
4835
693
8221
8899
4707
5619
1418
5748
8141
5805
3549
644
5232
9150
975
6191
6335
5086
6522
5952
9377
6186
1049
8240
7488
5086
7177
5149
1702
7638
8189
4783
1430
2966
8652
8769
1609
8797
7270
6464
7992
5489
4878
9577
989
1822
6441
1415
1897
8946
2959
1120
3787
4558
9074
2231
6861
7432
3026
6714
3090
8493
768
5656
4576
7501
8052
6854
1205
5905
1665
1877
765
9911
3899
2890
6815
2921
1374
2895
4264
1178
2569
6000
6352
1078
8731
2547
9343
9709
3582
5190
6389
5382
9401
7957
5395
3197
7293
9018
9301
747
5374
3154
5289
3268
7880
1059
8883
6291
8251
8561
6303
9861
5078
4739
234
1715
1251
3301
1372
8027
9033
4684
957
2409
5983
3857
9160
1313
2769
9899
6186
1968
7184
1022
7939
7296
8133
6250
4192
2945
3401
7644
176
1684
4107
7192
8084
4461
151
3736
4957
552
2534
6486
2062
1019
4282
6980
1984
299
1098
2233
5058
9559
3204
5972
4278
5373
9564
9605
7594
9350
2892
3190
1179
4404
768
6617
36
8139
4716
3147
4431
7447
410
249
2258
8489
1133
992
2435
6293
9708
4342
8534
4936
7105
5476
5161
2392
3734
531
3491
4700
699
9393
7829
7119
257
2526
8081
3885
5977
8514
5932
4683
9675
2421
7881
8258
6232
3806
2241
2225
237
2007
3612
9659
6410
3586
7535
7494
7391
6295
4018
9897
136
4107
1573
548
6085
4451
2364
4817
2711
8435
2283
2681
2798
6014
8058
3369
4065
2009
2930
7216
5816
8711
4387
7234
539
6499
5885
8797
2507
8523
1951
1002
1089
519
8832
5419
8696
6214
8936
8531
9859
9682
758
6024
8665
5437
8369
918
9569
3737
4056
9091
7351
3115
78
1799
2654
2028
8624
3856
3858
7894
7172
4005
1157
3364
8678
1307
3689
5862
3343
2459
52
5327
5898
8641
3329
8628
546
2603
6529
1996
9588
5070
9474
897
5072
6096
1863
1977
1914
3828
4102
867
4782
3073
9381
655
4242
4322
2802
4130
4287
7375
9866
8607
6073
4127
6761
9009
5840
7949
7836
6419
151
2398
2755
6630
3770
2407
4342
9132
8137
2943
3181
9299
7747
2186
6176
6707
5596
109
6182
2444
4966
54
9624
6371
6971
3746
3407
9359
7361
106
486
5906
4919
4878
7414
6815
674
9323
9643
7933
7501
1507
6413
4387
7476
7310
3693
3844
4772
7844
9009
2047
2674
69
1336
1879
2289
8928
5519
9288
5202
1432
6478
1126
1440
4178
5614
918
1971
3378
1687
8754
8064
9611
3365
8480
8833
5816
9196
4631
796
9666
3084
7086
955
1698
9420
8116
5926
9955
6989
2389
8762
9203
7500
9099
8486
4712
9655
5613
2847
271
8384
5146
3629
7175
6113
5246
4433
4401
3157
9254
8448
1307
1928
6698
4910
9241
8150
2494
9090
6567
6813
5237
4985
1185
9942
7849
5802
6880
7518
6037
7077
6137
2059
9323
5483
448
7038
9737
4249
7739
1299
4454
8055
8542
9118
1439
1574
8179
5710
8584
7558
6781
7731
6821
5561
230
1752
8644
7474
8582
1164
1003
9070
5141
3952
2622
7099
7418
7343
4212
6424
7712
2409
4676
9528
7851
1155
4783
5889
2291
4752
4351
4023
6389
1484
4460
3259
9575
2674
4825
5444
6950
7753
7858
7736
8786
4748
437
7849
9063
2653
5101
2824
7351
3260
5960
8426
1202
9433
5018
906
8009
1627
2994
4388
9886
8907
5381
4244
6770
7879
8786
6368
3027
7688
9302
8293
7229
2535
7770
9078
7169
2742
9298
151
1356
1653
8012
8992
5862
7312
8372
5877
3501
4932
1235
3061
4440
2498
8072
9941
3037
7358
3547
379
9266
783
6973
8471
3506
4981
2920
4729
794
9402
1138
859
7082
7615
332
9257
6125
3608
2163
7011
2756
5131
4065
2148
1112
7987
7464
481
9801
2852
5985
424
4875
4700
2136
2710
4680
1020
1006
1934
5885
7736
8586
2133
8347
7956
9360
3272
940
6657
4847
3031
6570
4579
6319
8098
2513
2178
7973
6377
9275
5711
725
70
8001
6667
4481
9783
7078
5666
5889
5082
1454
6824
1901
187
8565
6434
4867
8438
8470
4058
4965
9337
7876
6809
8136
14
5839
1345
5884
4613
9934
6923
6449
4500
5720
6914
3874
5841
321
7997
3808
8935
9990
785
3599
4087
6597
8138
2683
415
1848
9626
3105
7056
4241
7759
8117
918
1397
7228
613
2970
7378
6215
2809
2741
7057
3869
5169
9468
712
9170
660
4412
8912
6539
5960
513
855
2650
701
8086
4460
4986
3505
5869
7027
9539
7786
9973
259
5729
9148
2651
8408
4468
2709
4144
2294
428
3758
3955
5546
9743
4874
8796
9758
581
4407
2036
250
336
1841
5526
6469
7463
6652
8314
4681
5420
151
7151
7192
4313
8429
3855
5323
2441
812
5048
8455
1922
3179
8763
9434
6482
3608
721
9067
9914
8692
724
234
5185
2148
8750
2591
5629
3172
5352
8118
3053
1029
8406
1116
6388
8217
2316
3390
9447
4962
2009
8280
6344
5976
682
7902
9556
2801
7719
5671
6646
7367
7583
6294
5451
539
9856
6359
8118
7520
4386
2259
4580
7407
5526
577
2669
1793
7885
9776
9231
8126
1868
92
485
8470
5335
6496
1518
5712
8608
6726
4754
7267
7251
116
575
173
2069
7491
1765
5906
1891
3680
3083
6151
6757
1278
8431
6321
6820
6584
8583
3546
1246
7989
3816
1827
1240
9031
8651
7510
8715
9871
685
7440
4246
2631
31
9638
9161
8262
3073
6178
9488
6123
2569
9453
5596
1672
8146
2369
5089
3596
4003
8904
560
1110
3598
8847
6578
6419
1811
3259
6331
2916
4976
3272
3693
3415
3322
9603
2431
8696
1813
2598
4577
9004
2856
2381
8179
961
8355
6355
4816
8370
9022
1703
3504
9792
2671
303
3449
730
7545
6936
6141
1672
4177
2327
7884
3138
5727
9848
7803
4905
4584
6516
5429
6178
3952
3839
8335
6174
8029
4131
3850
4356
4981
8978
458
8228
8342
6602
6996
8136
1264
5181
6575
1292
4887
8929
1177
8612
7405
8988
9850
8064
1643
4589
7259
987
9814
428
483
8024
6224
6364
3807
5609
2682
9157
3619
5771
177
8120
3564
4667
3330
2574
4473
820
269
5122
232
4092
187
570
299
9258
3482
4004
6325
1855
5922
4235
381
7008
3283
7682
4347
8042
7265
8724
4401
8407
4763
7507
2883
6668
4436
7574
8299
5614
929
5281
6758
3419
3095
7964
8538
6913
8204
2107
8599
7676
4581
9658
4039
7497
9427
657
2719
461
9300
3030
7812
5952
3101
7908
8425
4375
2795
222
9387
6253
7328
7473
4574
5267
2479
5485
1591
7489
3826
8193
6036
3916
546
1742
6508
3424
7384
2184
8121
9482
1649
4120
6588
4170
6617
8897
5901
146
6907
9405
6749
2224
8292
5500
8509
95
4638
1100
3016
2057
8744
7189
6880
4296
3782
3717
5712
3016
3910
2684
7140
4092
7781
1688
7108
5703
6480
4541
2536
6309
2717
5017
9988
9383
9094
8596
7944
1313
364
4414
9029
1518
502
7523
3580
4856
7285
8854
3500
9563
3490
7021
1365
97
1621
816
1469
6342
2319
6947
8102
9585
603
275
9927
8734
2615
9222
899
1628
2094
2425
264
4253
3648
6382
2705
9457
4666
3921
4134
6466
1199
8323
8924
2825
1467
2670
841
8052
2004
7186
6308
6830
6895
3887
3630
2480
884
9626
7864
3349
3659
7385
8220
7457
7818
9247
9154
2112
5842
974
659
3613
6068
4336
3036
2583
8531
9615
6939
4317
2159
7373
1256
5995
2597
7350
8876
3823
9102
4475
9337
3745
8530
5019
1775
2827
9096
375
6439
4202
6322
3703
9476
8800
2310
8578
8028
5250
4383
5891
1581
6609
2795
5344
4163
8120
8777
419
789
4157
3168
7357
9907
1203
1066
4744
7546
1940
9949
2531
9976
957
8237
3212
8238
9817
2224
4076
4904
2927
69
8930
8884
3775
6184
9874
6051
6721
6783
5625
3744
3697
3191
5361
5061
3765
8496
9171
5217
1324
2927
9611
6928
5096
8829
2034
2012
1578
1547
3405
3773
7213
8990
7544
5629
9288
3228
4905
2586
9380
3406
4464
6184
4492
9354
1642
3733
9838
2044
427
8264
742
5313
2707
4748
7890
1023
8512
5791
7458
7486
4614
5242
7200
9268
6385
4565
88
6979
1156
1122
3710
3617
7708
2137
7146
7863
704
3919
5984
9439
8572
5801
9736
488
9777
9891
794
8818
4188
1774
2821
4044
5283
7217
3709
885
9769
7725
4799
5975
931
5684
2116
4681
7639
3620
5161
3466
6651
5736
6940
2623
5174
6991
9877
8068
3682
2657
6693
5773
8914
3093
7805
9072
5279
6052
1416
9820
2894
4433
3050
1868
7645
1379
9971
1028
4319
8789
8521
7267
800
4827
3080
5529
4902
204
7987
2467
7522
4048
4289
7208
6210
6309
1511
6834
132
5786
3333
3853
3892
1503
9111
7344
1960
7212
9400
5719
8454
7383
9636
5573
3782
2157
4764
4483
5052
317
4922
2445
9792
9450
1074
1742
4696
8870
9109
2680
824
868
4331
5960
2514
4722
6133
6963
8534
9104
8543
1237
2768
8404
4508
8485
8453
2183
3763
3037
3704
692
4664
5906
8817
5025
9406
5749
9770
2636
578
2014
2847
1459
9225
5950
3254
4270
26
3056
3029
9117
9092
852
9519
2351
7639
8243
7358
8348
1628
1806
5652
8070
7961
1543
4445
8492
9326
3345
7088
2707
1289
5578
4908
4162
5376
7984
1947
6482
14
2046
4804
6048
9140
4353
7167
6974
4756
9467
6731
8773
5422
8578
759
438
707
805
5039
5791
6721
8674
7736
7700
7450
9601
9552
1386
9078
3470
635
8988
8989
6996
2243
4706
17
8645
9156
5207
6905
6295
78
2485
8792
9480
6220
2895
3580
7537
6188
5464
1246
6288
6364
3978
9645
7540
2837
1148
7936
7203
1070
8358
8345
6976
7777
3522
1404
1534
348
2608
9849
7212
6642
3021
9676
9004
147
5326
8276
7708
6324
971
1152
718
8668
4454
9644
757
4538
7646
9121
7484
9422
777
2313
7607
7596
4283
309
8998
9532
2057
535
2192
8330
7683
4900
4680
1950
7928
3875
8164
7735
2125
7436
8923
6296
7837
1406
2060
1297
9662
1138
4940
1874
9589
4913
7041
2837
3156
4076
9873
8138
9301
4069
5017
6917
3274
1987
5005
9770
9422
5826
901
7890
5669
2230
3318
2891
360
5952
1238
1206
2724
1348
3164
6975
4184
6327
6039
6466
3029
7495
4242
454
8895
7344
4138
3455
7640
5743
1345
4184
3656
3762
9668
6784
5021
8501
7372
2190
7557
5339
499
9541
3303
3811
1121
9302
2340
1457
1327
4147
2379
3156
7660
3937
5895
882
6741
7602
16
9430
8080
311
1133
3151
8366
8551
6271
2068
1360
7782
193
9521
9344
7148
5531
1225
1533
2624
6314
6872
3193
2254
5988
8025
6287
985
2940
9700
4609
2221
5055
290
4192
7038
6364
741
7930
4816
292
2441
8233
7440
9541
1844
4926
5041
7487
8646
6741
3704
8604
8300
7251
5735
70
5126
6021
3206
7825
2333
6700
6665
9952
4078
3294
1470
9086
9375
5284
1286
4780
2575
9532
6316
4014
250
3918
791
1368
1765
876
1181
854
5569
2138
7457
2832
1010
2640
2373
5136
8050
3883
8081
2688
1361
1578
3560
3335
4965
3774
1807
2019
9722
3336
9129
8533
8199
8364
9849
1087
7324
4236
5411
6029
6153
901
4761
9901
9233
4878
9947
7117
7535
629
9388
3806
3563
863
204
4830
8800
6480
3985
2796
5038
4942
4822
172
5080
6806
7287
1013
7465
5364
1467
6214
7114
399
340
9645
3051
255
3309
8466
7116
5326
7840
791
8130
4732
6400
3064
9875
4981
557
5508
7079
5548
3620
3074
6088
4517
9313
6117
1572
4225
5335
1171
6601
8052
985
3492
3472
6144
9300
9489
5712
4269
6626
2530
9914
7978
6786
4990
904
4473
2159
2782
3366
1244
9198
4264
1124
2925
4738
6766
7140
6324
5324
4025
4112
4582
8016
1622
180
3759
4883
3727
3305
4498
7242
4112
6261
2109
8578
8962
8336
536
702
8824
8159
3755
6231
4244
1240
5676
6435
9990
7177
8289
4452
2127
2172
711
1896
7930
4284
8427
1590
9170
4526
3734
685
2223
3358
5112
668
7006
1594
9393
765
3407
1580
3225
4220
7655
300
2979
4467
6577
4687
3773
1011
5425
4128
6997
1142
3949
8553
3955
4226
9219
804
924
5219
9859
5872
4101
600
3398
4817
8370
6377
1704
8462
1552
2485
4149
9499
8720
1993
7934
5773
6347
9036
5463
5126
2957
5350
9410
1830
5711
4267
6292
5380
257
423
4970
8248
8223
7211
5500
9695
7441
8187
9299
3544
9627
797
6791
801
2493
6155
3306
7661
9145
8986
5008
7121
5687
1196
3463
1978
1011
9883
1822
2101
7910
2753
7390
3444
448
2868
7717
1543
6253
2737
9311
8552
8978
3145
3150
1245
562
5183
805
6457
5693
4458
8732
7884
4655
1233
6748
7835
8478
4662
855
6005
2117
8347
9990
6887
4118
8595
4255
1188
1071
2502
9840
5653
5069
7626
1743
6246
6992
6930
3646
1492
2925
548
1094
3705
593
5476
4107
3737
8993
350
2466
9513
5797
3105
7567
1402
9908
2666
6997
3415
315
4570
6168
5538
9585
9347
8279
7830
5041
9959
25
1125
2789
1053
3222
8930
9861
5238
797
7356
9519
276
1892
107
7732
5511
3360
984
8197
5600
3029
4536
6517
9287
2838
3912
4325
7149
6458
2347
9640
8392
9878
4241
3919
4199
5672
4600
4412
6495
6502
7598
6402
1585
6618
8003
7976
5625
4415
1784
2739
4397
4420
1950
7202
6807
3427
7523
6338
9524
1135
7668
2214
3201
7316
1930
3875
6779
9855
9480
9219
6396
3173
8892
3751
9718
468
2754
3479
8991
9640
2608
3425
4535
9670
91
6341
9749
4873
3582
8742
6012
247
6580
1704
3038
2817
224
2983
1257
337
2071
3828
7366
3641
304
6163
6568
3989
6991
954
4438
774
1451
6883
6971
7921
6303
9440
8896
9971
9243
7710
5464
6511
9781
5971
8141
5750
2177
7622
1497
2132
1371
203
4720
6350
1444
386
4383
3086
3473
3598
2780
1604
9215
2208
3576
339
3304
4685
7906
5294
9340
8670
4018
7579
495
6315
2320
7216
9623
2005
5595
4404
6986
8201
3565
3768
5220
4991
5191
4223
8014
7511
5766
5661
7003
263
4182
2082
4538
1892
3943
9633
3187
272
852
724
8783
7324
6641
4967
9586
5931
5916
572
8724
678
3220
120
319
7794
8181
9710
1829
2166
2924
415
9347
5623
3339
6110
4904
3156
2903
9685
4990
5327
4225
789
4207
8802
8119
205
8981
8929
806
378
8127
4824
8859
9041
7836
3693
4455
826
7457
2012
1912
524
4017
8023
4682
4051
542
6344
9681
4315
3277
6095
799
6590
2946
266
9998
418
8916
9632
4509
3277
8093
4388
5134
2214
328
3019
6229
8580
7127
1725
8961
6221
3199
4250
9461
8607
3077
104
4265
3911
2173
206
1907
2265
380
3305
2563
753
9912
5123
5318
7685
886
124
7363
6701
2678
7228
3675
1703
1440
6030
8007
7942
588
3527
6127
1768
6792
8919
3505
7465
505
9047
5653
8668
2930
8031
1446
9345
2205
1243
1132
4393
2694
7136
4369
6425
6509
4230
9957
6478
7783
4496
530
8808
9199
4597
6685
113
8498
4919
5099
5815
1819
2923
3201
6931
4499
5250
13
8479
7910
1842
3637
7377
8290
5178
3528
9410
7207
4028
4361
1861
9137
2904
7848
2847
373
2199
688
5999
2637
9751
8528
1270
5665
1642
8475
2569
5418
864
8895
3272
9206
6281
8552
8247
9067
7730
6209
7171
6030
561
5310
7019
5380
4585
2022
232
5632
3571
3476
143
522
3190
8977
7482
7184
6521
6418
831
373
5419
9962
8191
2600
7476
872
6822
6004
5367
1188
8797
1594
6545
1628
2247
9978
5138
2678
2220
5820
3090
7672
5190
813
6515
7992
2929
6707
75
6456
3084
9022
3090
8886
8762
958
2788
9840
2555
1797
9165
1728
1212
8940
2235
2342
9993
7540
3345
5255
9849
2806
4533
4912
1843
2448
9043
242
9396
1448
559
4997
9694
8528
6910
8066
2854
6533
4878
5158
9178
1261
4803
6305
9119
309
245
4113
9466
2155
4563
4816
4410
5403
967
1781
313
151
1187
1272
1035
4767
162
8909
1399
1627
7238
4136
1973
1432
3934
7249
5452
2636
6431
2415
3551
6754
348
3075
5143
5853
534
3704
68
3015
516
9282
5316
1512
5012
1834
130
1389
840
5684
7051
6339
2149
8659
7405
9424
6272
6934
6087
8008
821
4809
7371
3650
374
2119
7726
362
7602
1705
7378
2019
8251
7289
6871
4404
7431
3069
3335
576
6937
8767
4803
4162
5577
7767
7453
6737
6418
9146
8677
6716
8367
7577
7457
5783
3398
7897
1665
309
3445
5543
5408
5054
7660
4836
3259
5732
5740
7824
5566
3098
8502
1360
135
550
2386
3932
833
9932
5354
2924
9118
3101
7484
8578
7748
4059
7080
2594
4132
6235
8863
4725
4841
1443
6386
5497
2055
9297
6259
6956
8474
8776
295
5064
3046
9269
8678
5562
941
7876
6097
4789
6803
9074
3427
644
5049
3662
3353
4447
665
550
1075
5202
86
3053
7207
6914
1056
6232
1688
1459
9210
5875
3502
4852
4966
7313
8565
7441
6981
5859
280
2459
5992
7568
2787
50
7375
9322
8246
8007
3410
4666
2400
3210
6484
9374
274
7058
5507
5960
2306
4440
3737
3937
8766
652
1257
4108
8041
7859
9724
8403
5364
6365
7733
2483
9345
7845
1096
3300
8650
1628
8860
1365
2611
5159
1974
1231
2119
6031
2881
6520
731
5044
7634
7711
4355
9446
2939
8707
98
6938
582
8518
3421
1376
8910
9016
6627
6153
1833
8772
9542
154
5473
2964
2510
8020
7101
1381
2114
8141
1808
8748
3756
4957
7354
7865
3941
4014
6692
9299
4559
385
7441
6572
2998
6369
3791
6179
9013
7992
958
9910
5624
4594
3355
3238
3147
9736
1552
5918
4110
3668
1956
4312
1540
9594
564
2859
4198
6719
3103
1508
3685
2988
3483
1826
3880
7036
8392
9141
1851
7047
4751
7281
5083
4146
7013
275
6780
6647
6851
1478
4224
7330
6249
5422
9502
7759
2315
3602
2319
328
4292
4856
6368
8706
4790
6448
641
5848
3095
716
7569
5174
1752
774
4007
4229
3975
8564
1550
9775
9750
6362
9353
9411
9485
7726
2654
4552
5847
4659
4319
5721
5413
284
4918
4818
1514
4377
6361
9423
7157
4097
8804
4232
7749
6585
1334
5582
6085
7425
4190
4404
2832
5737
8812
8387
4462
36
4004
5042
151
1157
7196
4163
6906
8187
1546
3929
5810
1834
8359
4375
5105
953
1134
6983
4775
7764
2803
7207
6574
8136
1906
6252
9062
6745
1760
6400
2809
3951
4292
3485
262
3173
4637
3321
6649
4578
6402
7793
2655
2873
9478
5403
9143
6557
9273
1864
1991
6617
6375
9903
4146
4077
9795
8513
5739
9981
9862
9600
5973
3016
74
5287
8329
5552
7391
4168
4212
4730
4549
6422
2918
7026
3021
1991
307
7312
4863
3053
9826
3875
2401
1272
9468
3751
9148
5075
8169
6892
2549
9666
9304
1350
9694
336
4720
3818
8786
6754
8049
4396
1288
6057
9353
681
9944
4320
5917
3510
2535
3568
2424
7107
1647
8805
5667
5947
6977
7575
9500
6073
1923
7434
6011
9495
5156
163
6709
2534
8878
2172
2906
8037
2624
1370
2561
198
3513
4177
7684
2707
405
7693
4919
708
4476
579
7190
4846
6501
5606
5130
9579
2358
2607
9012
1328
5227
5931
9309
9957
965
5234
9823
375
6761
6400
5114
4612
5775
9553
2370
673
7653
320
7766
213
4522
7160
7324
452
8952
717
2780
5916
3606
8705
9142
104
7391
7546
1417
7572
8489
5198
7668
258
2050
6646
8367
9855
9305
2853
3685
6261
2908
8258
6618
807
1993
2081
3296
2020
5207
7671
9095
5573
4521
2785
8866
4568
3552
6373
5859
3408
8109
7162
2137
112
5294
9692
7339
3953
1968
2995
1253
1682
8110
6319
8013
5391
449
8638
3252
9658
6583
9350
9288
4110
3484
7619
8049
9814
4752
6300
6375
9060
4388
9942
8499
4233
7519
8115
7194
3531
5165
6545
1469
7650
6986
8416
8478
9532
7574
2513
8951
5477
150
5255
4976
3048
7776
2137
6986
2495
7295
8356
1924
118
3454
6041
1954
4214
5330
2670
4774
3087
7476
9182
3319
1875
9178
2762
2196
4236
869
4229
8465
7671
3800
9934
4338
8300
1938
115
962
3203
9408
1115
3106
1889
7049
5362
9683
2175
7233
7335
6974
1855
2160
5348
1737
8911
5686
4473
5
793
680
9458
6517
2984
4228
5536
328
5557
1139
1638
5208
8122
2525
9646
6063
5269
2959
1927
7553
6382
5275
5128
7878
1278
779
6289
8160
5763
8365
533
9562
716
475
737
1192
9941
3279
3911
5813
4371
2373
464
9882
8842
8716
6131
1889
8149
2602
7884
1630
6121
5958
2021
9667
6156
1423
4478
5719
6899
703
83
2416
6879
1227
885
117
500
8091
6733
1073
3817
799
1712
8793
193
5151
2419
2638
7193
1350
7787
7942
891
7714
8915
6815
5399
6645
1647
2290
6713
4567
1976
3107
946
189
5888
1092
6523
8939
9003
1840
5328
9201
8471
5192
3347
5934
9809
133
5685
9156
470
6019
168
9447
8679
7490
6913
5570
8222
1687
6025
1442
4431
6255
5341
5374
7584
2156
9040
7202
9956
8609
7170
6739
410
3441
7815
5107
1904
3379
815
8768
4422
1474
9637
5999
6271
3566
9423
1207
3196
1573
8858
5361
8623
8281
6935
5902
4329
331
7775
3552
6795
5380
9652
7304
1125
4484
801
2155
8502
5005
831
6978
6914
9842
9075
479
9885
9185
5757
980
4663
4723
235
8328
3319
3761
7614
927
2497
6173
9943
4485
5291
2253
3505
7168
5552
7518
8963
9961
370
9969
1486
7136
9127
8646
3248
1523
8844
2456
6858
5344
6613
4147
7944
3068
8156
5232
3359
9231
4187
4674
7759
887
7005
1268
7336
4606
4034
5507
5277
9630
2301
1351
4815
4128
661
4107
4381
5115
5711
9607
8443
7942
2082
5690
7201
3001
4607
9261
8363
8311
9313
6769
3807
1273
341
4765
9468
2733
8320
273
4360
1
5209
1028
7168
9242
3763
8986
9973
7149
3772
3337
4975
5278
5180
1492
9191
1112
4423
5268
7021
8234
4954
137
1169
56
6083
2754
372
5111
5476
1201
9147
5709
3918
1586
1856
457
2096
5739
9387
6178
4061
6921
5957
2044
1840
5238
4584
6211
8390
3121
4126
3276
5289
8188
3827
3177
3426
6996
3436
9524
9632
9081
4969
8093
6710
8976
5223
5686
2378
1987
408
8563
645
3536
7939
4473
7554
6494
883
9244
6706
6242
2717
7282
6672
6230
3923
4048
2469
7711
1881
8113
6830
8431
7665
6621
5952
7917
3700
6244
590
8377
2466
7362
2524
1012
7058
4528
2401
4519
4032
6570
8863
2522
1381
6286
2824
4130
7360
2474
4622
4892
4716
3624
8474
9360
8941
7843
2477
2894
7222
7651
1891
6166
3166
7395
8525
9795
4188
7630
7367
6577
364
9643
6176
3906
4976
6862
3908
3562
7295
4750
4217
2611
9919
9223
9599
5624
5975
7747
1283
3894
1800
1938
1050
4073
764
8190
5752
5302
9258
9790
1429
5321
5472
7701
235
9331
4560
5857
5749
8621
9811
4547
184
1886
673
8077
2483
8015
4982
1036
3707
7305
1334
1664
1111
7431
5256
730
6188
2785
2943
8421
4648
5133
6330
5680
5833
4443
4510
3766
9489
9504
830
5807
9963
2096
1505
769
246
5009
3438
7022
7648
6020
2322
4973
9568
9930
2600
5728
9353
8193
8002
2902
118
2228
6427
9712
8530
8261
986
9036
2269
554
6474
5466
423
537
1560
4733
213
6175
8616
3844
9634
6839
7302
5708
2735
442
3428
8901
1046
1453
6437
7203
737
4180
5332
8126
8546
7575
3736
3011
7531
2895
4044
2538
5391
2283
2042
1515
3470
7134
9286
4162
4246
1134
6808
6512
2209
773
2482
4062
7540
7790
1038
2650
8700
3276
4722
6884
5323
5369
64
4637
8759
2026
84
3863
7783
4449
3873
7080
9193
6009
7994
5109
3468
5789
2580
8917
4604
8086
3924
8868
3815
6610
6328
6512
532
2773
4289
8919
793
4986
9924
6233
3496
4938
1505
7484
7902
1529
4697
7854
1745
983
5180
9450
2750
1732
2706
5536
9710
7321
3927
4727
9528
4730
6925
2849
6757
3804
969
8756
344
1067
8332
7291
4440
5684
4620
7070
6460
2877
220
29
6304
8516
6854
8864
5943
4628
9774
2098
2163
8807
4764
109
3682
6442
1255
5803
9283
1476
8216
4952
8642
4671
5816
7420
6468
3169
8253
7129
2779
7210
4799
3665
3512
5064
3874
3479
3814
4145
2772
9411
4037
3484
4260
5020
7177
9180
4038
7406
8898
7325
131
4929
4669
6986
1070
4925
1865
1015
5446
3094
2569
185
329
4239
2007
9392
8189
1487
4797
8062
4105
8233
1045
3500
1786
1965
3662
6635
7107
3766
4033
4695
5355
8186
1943
8747
5170
3571
7737
8819
361
8938
6197
6095
6794
8783
9090
6455
7527
3989
1844
1777
8450
3737
6552
6751
4870
4609
7737
3051
7316
6210
4831
8503
3242
5083
8738
3671
1102
6772
9485
4893
1472
3401
3172
713
5120
3875
9650
9404
1619
7317
4468
4759
9528
8159
3193
6175
9267
9456
4448
732
5435
4012
9703
6765
1403
4820
732
7907
7641
1852
2428
2338
2478
1048
6793
3915
6090
3602
3986
1753
5113
7854
3091
2225
6530
8597
5464
381
3503
720
4950
6544
8222
2337
1264
2328
3950
4480
521
1815
9382
6844
2538
8372
9632
6280
1148
2342
9910
1451
5220
6563
1283
7623
1229
4465
4298
6682
7096
902
8040
8731
2099
8558
8168
1206
9311
4413
2895
7908
3333
7756
1080
8030
8450
8262
6701
4831
1474
2070
8541
2294
8181
9276
2071
8192
8536
8951
6636
7479
8962
1277
4814
8894
8158
8084
2240
9214
3302
6563
6297
7970
7917
6464
7888
9814
9178
6469
9419
1508
9277
1194
243
5992
7329
5128
7826
9356
5966
4495
8144
1094
9337
4175
995
2340
9869
4051
837
3154
5508
8865
8863
8043
8337
7599
6645
7776
2125
9049
4328
4366
4288
4014
3418
9405
2851
8646
8977
3402
6021
4111
9568
1825
2081
787
7586
1432
3749
2739
6121
9202
372
8115
5187
1425
9779
4785
2715
3984
8837
5110
4782
4629
8392
9277
7093
2347
8203
2430
5802
3129
7344
1796
2842
2057
1719
1164
257
7885
4301
6594
9991
6153
3851
7417
677
3167
2587
6712
3175
7135
6535
2073
2199
9465
6078
827
4691
8256
3357
6651
7938
7085
1209
7309
8668
5870
4330
8117
8092
6225
235
1406
1523
5022
2812
5440
919
9716
7625
7319
9238
7508
7566
2428
9263
3644
1665
7419
5738
5132
1401
1546
2748
8204
9347
1591
8384
5044
5006
2630
1192
921
4846
549
8889
3663
9164
351
1896
705
2681
6895
3045
7660
4371
7805
5547
7428
7929
5659
5666
4239
6748
6390
1307
2212
3529
4900
2458
7285
5090
5948
2367
8631
7632
955
8393
6597
923
8418
9135
342
1986
1572
8039
2406
6380
6738
3356
9356
5813
9000
8
2481
6078
4852
4820
6203
7557
4550
2251
3737
1727
6766
7914
6121
1080
931
5090
1813
1621
3344
1517
691
4731
7762
7322
6312
6022
7328
6557
8382
6740
3643
6449
6216
2932
9117
4470
5438
1076
3440
2765
1849
1110
9479
4896
423
5691
1779
6638
8901
5746
6969
9166
8583
5241
6763
2866
596
7112
4884
509
7575
1052
1189
6846
663
7604
5545
4146
8734
1681
1886
5811
438
3903
6740
167
8753
84
7081
4934
202
2936
4451
9242
2918
5697
8365
5416
6415
6378
9683
6756
8000
6146
4617
7837
6025
2513
7565
4915
771
6369
157
1967
5184
7521
9311
3283
7839
2178
643
5532
1642
226
1216
4830
2370
7552
6302
3434
2684
8427
968
1939
7592
7409
6195
4708
8714
2747
217
1939
1213
5221
854
7510
6472
7103
5324
6077
8742
2311
9908
2501
6617
8203
20
1904
7699
9705
9296
9116
4818
9065
4638
6169
9891
9216
4015
4525
2044
1367
6780
1801
1620
6429
8294
9520
9899
6695
225
340
8429
8703
2831
3707
8719
2712
5654
2294
161
5797
747
3109
8535
8379
1645
5546
3278
2516
189
8565
9001
3174
2075
2599
3921
2596
5416
9261
6590
9081
8427
5778
1882
2566
2653
9857
7747
7008
1296
5817
5138
7373
3127
7987
4794
7096
1387
3548
2087
8858
5587
4509
8450
3478
9899
6383
9804
8316
2347
2584
82
4869
4797
272
7581
4424
701
3851
4994
4597
739
9044
8268
7239
9248
1704
3214
7547
4235
1752
4885
9136
1152
793
8217
8585
3726
9005
8438
1816
8822
2203
4985
5286
8473
3791
917
8668
1134
4385
3948
884
3867
4047
9398
9019
1330
4320
3579
1206
6242
8615
2967
824
7671
5066
9226
2143
1446
6863
8511
5692
3551
76
3269
4805
3980
1468
491
9664
6291
8139
5731
9268
1236
5119
8252
9754
465
3542
4594
408
1259
3821
7992
7654
5599
6659
2776
4572
8851
2667
2868
6329
3646
6576
5189
5227
1214
9757
8643
5269
9542
4143
7883
718
7143
3429
1953
480
2011
622
4700
9963
3394
459
8381
9713
945
6367
8947
2622
6015
2859
5350
5931
8220
3126
4329
520
8712
5738
7231
2757
1691
3169
416
7302
5985
8599
5625
4410
3293
4788
5883
2925
6152
6781
353
8633
9807
6859
5384
8146
5937
4626
4507
4321
8241
6408
7903
3436
4157
9074
1333
2656
8409
2466
5130
7555
7972
5959
6111
1215
5730
8209
8856
4644
5661
9476
3025
7259
702
1222
707
8343
8936
1059
6837
1431
412
8629
4376
8254
6334
9804
8059
2726
8341
8985
9973
328
4036
2633
4579
2587
2816
3152
5229
90
9904
1222
2725
2883
9662
8700
2745
405
9110
6316
8635
7213
7662
6561
5493
874
1525
7678
3838
6469
9988
6593
9437
4918
2208
3467
5042
9139
2315
9676
4274
7368
3110
3772
5685
6016
1739
3448
6644
1570
6084
6324
6046
2871
6264
7440
6962
2769
4634
9390
9178
7596
551
7144
636
552
5890
64
5905
9791
2956
7238
2634
5866
8043
7480
1702
7622
1837
1062
5268
1007
659
6145
1188
504
221
4982
423
3642
8205
3122
4066
6880
8126
234
5714
4309
113
9935
2674
3726
4855
1432
9911
973
9700
9261
6841
5346
6382
5197
6464
2331
8527
757
9933
3946
972
4241
2381
9973
6342
4616
6232
7348
6358
6948
5110
9250
9532
3401
5512
7976
8678
7654
7585
3415
8514
9744
6442
3941
9156
4931
5304
2095
5517
5089
4728
5047
9089
3180
9717
2752
8743
7580
4316
8554
35
6939
4202
5910
2815
13
9343
9397
2581
7739
4723
3116
4763
1876
84
5986
5237
1627
1241
8178
4117
9212
8901
9739
3123
1356
2065
1444
5859
4652
1855
7195
6461
6443
7995
9475
5823
69
8750
7198
8582
4364
8145
7117
4544
846
4115
917
1749
610
4518
8215
925
6133
4317
7412
5431
4429
4013
2889
9367
6119
9108
6718
4114
7830
13
4674
3178
4765
8027
5354
1881
6132
2773
3207
8787
9593
965
1652
7534
3758
6026
4949
9866
7196
3925
2317
3874
9095
5641
9119
2136
1945
5371
5146
6528
2298
341
2641
9322
6
744
4787
6609
7592
8989
2886
5801
6995
5360
74
3019
3324
2015
9226
2037
7969
4294
4102
7991
6109
4643
5871
3349
714
6485
456
9367
9516
5123
340
7420
3067
4581
8801
4679
3985
8104
888
7065
4888
3468
1999
8592
1593
81
4147
5333
1928
5340
5660
4914
1593
3766
3676
4698
473
1338
1100
669
7871
3173
1762
2753
3255
7871
4298
7146
8327
2949
7141
1741
6030
5134
6846
9770
5473
1714
4731
1151
7619
5798
4175
1730
7463
6854
2707
1301
4078
347
5917
2002
5130
7606
4797
6567
7889
5231
4673
6059
1761
3900
2567
3368
6531
3
8878
2532
4039
575
7625
7482
3609
6889
133
8171
2231
7814
7926
9713
2969
4711
7207
9067
9647
1344
6443
9805
3992
6727
909
1764
2049
6005
4528
4329
4527
6408
981
2848
9592
1129
1449
3908
3055
6648
3990
8302
5527
9348
7905
623
1410
6384
1849
5179
8524
7147
2712
542
7238
2938
4163
2914
4211
7911
2047
6632
7855
5944
1923
6108
5969
4056
9123
5435
7450
396
9424
956
9889
6098
6149
6676
9910
3245
5175
8587
104
3816
5458
3473
3627
9013
3227
8874
2687
4912
2163
6119
5429
9378
3428
402
5934
4332
2933
8753
3367
5023
2968
339
8219
800
4175
3393
2549
2337
7985
2249
6389
3022
5124
1236
1384
5102
3132
550
2800
1592
4093
4298
7697
8839
2078
4687
8504
5178
3728
6022
7156
8063
2769
9450
4109
9644
3666
699
1111
6901
7230
7038
7094
4982
2782
9982
6516
1634
8444
7986
6756
2976
6168
263
10000
7055
7881
8112
3057
453
4641
2703
4166
1593
4323
1873
6623
8995
7438
5321
3495
3470
2198
9997
1294
5718
2235
4726
145
6200
4933
8121
4305
7313
7919
6364
2766
3880
5298
3199
1082
859
8734
1320
1376
181
1941
7555
3372
903
4029
9782
4514
7242
4554
7466
6816
3541
4023
4283
5969
5799
7550
1893
8523
4560
554
1555
223
870
5172
6231
129
1509
3141
1032
5281
4394
1008
5173
3266
3733
624
1775
7829
6174
472
5396
9357
3349
7338
4922
9603
887
874
5349
7660
7532
2688
3996
1981
9980
4695
1848
8688
1499
9955
274
8863
6280
7564
8997
6631
6457
748
6170
2461
2682
3091
1797
9466
4384
4316
5130
3845
8149
2822
7144
8362
9353
8199
6464
5640
776
1102
9042
3747
145
4040
8108
3393
983
4802
2241
4007
9168
6725
9532
9413
439
3077
1800
5969
9508
8530
5413
83
1126
681
1609
9668
302
8759
3745
1166
6563
3864
9704
9750
1554
2319
5219
4377
4213
1912
3331
8771
7282
1935
7637
5155
5197
7536
3910
700
642
8822
7200
1222
5740
3980
104
403
5535
5750
3576
7612
404
5723
2974
9595
492
6981
9456
3338
6037
7339
9434
3521
5030
7965
1943
3774
3531
8959
9142
1453
4193
5927
8556
1258
6200
2887
2796
6546
8821
5709
7924
2879
931
4938
3457
7595
8929
3155
6496
4462
1736
6241
4475
9231
8255
7852
414
4307
6678
8450
6167
6262
9290
4125
1746
9008
8339
9023
6623
6413
9021
7827
7657
8074
326
788
8432
9706
2855
7429
3474
9403
2202
9644
9957
2718
2416
2618
9476
7874
744
8986
4677
6776
6543
8611
5413
1477
9656
4893
8893
5701
5479
7867
3078
9983
3827
9304
7547
1701
9690
5174
4359
3848
2976
6148
3947
5678
7539
5328
3019
4784
2554
9499
6972
6940
2527
5774
5484
8463
2727
2302
4564
4066
3521
4924
884
96
5952
5560
2733
7283
9043
7413
4539
6610
1370
3131
8532
5084
5182
1279
6763
6333
6664
2249
7026
8865
7328
5218
8546
6167
6573
3296
8022
2812
52
365
97
3627
6719
3843
7981
7335
7668
4370
3952
4611
9321
5998
3542
535
8773
8651
2427
1237
7983
7993
2934
9320
1784
7963
1896
7551
9395
5945
9553
6650
1272
7840
8442
633
2675
8516
94
777
2120
7487
7730
7237
7317
5911
3537
7126
447
7680
6483
5413
9765
4959
6190
921
9272
4155
9215
1452
2086
9698
3640
878
7039
3679
3984
8186
7761
5172
1042
7307
2246
1863
7250
7457
3288
9682
3124
9532
530
5098
6101
2914
29
8723
5541
6087
7386
4150
6640
5870
6888
7570
7948
7431
4621
1351
7973
7924
9065
7121
4371
1759
7181
1318
507
5297
3617
9840
4401
1316
971
7761
1256
1411
3572
2920
342
7134
9802
4036
5850
7115
6461
283
4434
1485
7579
9316
3454
2463
1903
7026
5982
2581
1231
3340
4844
7135
3879
1213
6104
9724
5999
7490
2913
5620
7423
4478
5554
5497
4347
6231
5567
9844
438
7411
1978
8405
4950
5207
3789
6893
9665
4839
4574
1263
4169
8687
9845
2313
5852
6346
4102
6059
9954
971
5330
7558
4914
7750
2431
7404
355
6051
5989
1064
1240
5514
9325
4924
5240
885
1163
1675
3938
6255
2916
1713
3254
1886
8118
7025
2385
7270
1040
16
3011
3610
3371
9790
8991
8115
7721
7100
4931
3708
3400
9648
2073
8300
8478
4409
6724
9374
813
1084
9506
1192
4475
5498
4747
2462
7611
4479
309
5042
5647
5087
2417
1458
5864
1932
7382
2943
9949
297
8471
8792
6173
8636
689
3391
2134
1971
6478
6012
9240
3728
1124
7787
3346
5447
400
5091
5093
6167
2709
4303
7371
1808
3248
1511
8230
8190
4495
9499
4203
5076
1071
9037
3856
9785
5369
8682
8889
4350
3652
9225
858
6180
5932
2950
3945
120
6462
6441
8562
2349
9266
8664
8266
372
5144
5304
3532
9582
6574
4638
3532
5593
7689
8001
3966
4430
9061
387
6182
7553
3943
5058
1726
3797
8259
4959
2685
1903
3650
3940
1832
4388
8125
7669
1248
4961
8769
4196
9445
5738
4826
260
9021
5455
9398
1016
6717
9801
6657
9721
3769
9612
7987
3600
4666
4181
6847
8131
5410
1950
4858
5418
6512
3812
9388
9688
8386
8931
6885
8963
7307
5755
274
3505
4523
3731
8699
4165
750
1996
4209
247
71
2923
5625
680
4114
9529
7297
8663
4603
7931
4719
5986
5486
4342
8817
4019
4059
2031
690
873
9581
3138
6740
580
3189
7027
1594
6429
1948
680
8584
5100
2868
6052
5907
2337
6584
1254
3808
3497
784
8086
8936
6551
8501
5338
5557
564
5054
7925
6834
7759
9656
2473
9052
487
2681
4389
577
6420
8126
7747
4057
1171
3680
8811
4229
8676
1572
8784
9270
765
7751
7023
7417
4434
4900
3824
7924
3897
3553
3826
2537
3494
248
4083
8321
9470
6594
6396
5267
5970
7486
9879
542
3041
295
119
3588
1598
5606
2875
7092
5240
2620
3429
379
1067
4398
6058
2154
1957
839
8236
3201
1518
8723
926
5498
9254
4912
3883
482
7661
5709
2844
4705
4132
3637
2343
9972
9374
6804
1484
6359
2613
5519
6510
8789
6901
6249
1371
5384
1061
9822
2963
20
3421
1489
4706
2707
4142
8763
3460
9870
2131
2861
2398
5130
3839
9347
1744
9726
1952
6644
5272
4995
7134
9862
9704
9534
3608
8525
4569
5229
4594
4000
6747
7534
8180
3107
6718
5295
7753
3936
6049
5779
1151
5387
2208
1568
4960
2911
2368
9187
1078
7630
1502
4876
2690
2449
8902
6783
7085
7717
8776
1042
5891
2411
2048
6311
5241
145
7387
8616
4505
8961
1349
1865
7874
5092
1996
4265
2160
6599
7749
2559
7761
7680
1459
9137
7385
1899
6190
9991
2687
9081
9304
5210
5559
3684
8533
1133
6789
7290
3097
4976
2070
3496
1937
6187
9584
2462
498
999
5601
7621
5454
7328
2098
234
1038
2331
8131
81
6431
5015
2090
2074
1190
73
5071
1062
8741
1970
4390
8515
249
3824
5507
4248
9325
4646
4491
8959
1778
1911
6638
4554
2195
3136
279
2678
4962
3306
976
8841
7909
179
4456
4876
8801
7670
1123
2655
7125
5049
2611
2836
642
184
5149
6989
8659
713
8269
7617
4317
5100
2026
8414
6044
577
8888
810
6303
9687
8025
2639
1934
1675
1903
3092
1886
3291
3225
6467
1864
984
7658
5969
2269
8989
6989
4592
7109
3461
7955
8382
4021
7547
3923
4026
8421
3203
6668
1076
340
2187
7046
7678
9410
7565
8602
376
4756
8049
3733
6260
7979
5756
1819
9450
5366
9051
1764
6794
5095
2115
1509
8063
5689
6814
2082
1910
2228
6742
2215
3950
8227
9987
6758
5611
4730
3890
8749
9787
8136
847
8008
7469
51
3580
575
3093
8159
8342
9870
8183
2371
9543
4237
9870
2040
4958
9091
5123
387
7757
6597
5513
103
2859
6966
8714
6226
4651
1900
5705
1070
4251
2617
6556
5780
5194
6252
8162
6747
4365
2388
8349
1196
7991
2605
1250
2037
9502
2772
9573
6525
2715
353
7082
3358
9514
6811
2521
8695
5834
8066
1022
5361
28
7587
5183
6416
3799
1069
60
294
4103
2157
5079
5769
7484
783
9968
961
3704
5178
3445
8970
3997
1859
5652
2261
358
6357
9079
1702
2732
1398
7460
6269
7767
4272
9123
8876
7185
3305
1915
8374
523
5807
2150
8593
4808
1594
9182
1136
4745
6508
4452
7913
2099
6451
1274
7692
1081
5535
9090
3132
325
4625
6002
5673
5499
6073
7857
3030
600
8842
5081
2230
9767
5881
1375
4021
5860
3647
7218
1229
8432
3394
6171
617
7652
3512
993
7768
8478
9125
9424
7202
7984
7918
8245
6204
2608
3950
7104
4253
5686
2756
9781
1313
3581
976
5314
7247
7710
5120
7552
3788
5489
9520
9192
2373
7469
5080
106
1295
3330
7792
8300
6904
7225
193
1650
7530
9675
8242
1371
128
839
200
7441
8230
3969
2569
4227
4735
2909
1419
5134
8803
8577
1611
862
7993
3451
5041
8084
5937
7176
2238
7842
7071
7848
2308
5700
6777
3426
1972
6541
1204
6035
590
856
8843
1226
7740
3741
1464
4902
6401
7876
7990
1178
3268
4109
8058
1339
5114
8413
2243
4339
112
250
5178
4526
574
3313
7974
5924
9052
8020
1042
6261
5803
1085
1885
2320
1168
5276
1682
5813
7421
6461
7394
9696
1488
7327
6659
4395
9474
8548
7367
1942
9318
6325
1447
9522
2344
6633
5436
1830
8181
1846
5438
8191
2919
1650
7213
149
7518
8176
8873
9996
6488
4459
1218
1658
2822
2591
5310
7182
3196
915
1100
8454
6675
5922
9303
9023
1025
7775
5917
3189
2014
3420
2274
9071
3251
6792
4432
659
3481
9816
7886
528
9041
3552
5839
9838
2645
670
4295
2285
2030
2914
3276
5806
3417
2771
1288
4620
5696
7253
264
1291
4392
4673
4274
7791
6703
19
1150
213
2115
7140
3548
3014
5361
532
1612
4054
425
4304
8478
6628
5891
1778
21
7210
3907
5357
1852
1325
6412
4073
219
249
5519
7147
5978
5115
5941
2540
6626
652
6216
599
93
673
8280
9303
9602
6723
7339
1018
8951
3810
6425
4362
7004
5333
9447
2417
7283
8905
1270
2186
5224
4512
7342
1709
2301
6638
6122
6695
6787
4798
4609
3368
9766
3574
951
1864
4963
8368
4302
552
7694
1777
7691
4741
4670
6598
909
5397
5139
2250
5435
5085
7154
8264
6070
1556
10000
4998
3944
9772
9547
870
2745
5624
8681
4443
310
4793
9645
4622
5026
2150
5223
7486
5305
4665
7267
9680
3758
714
5936
4318
8291
1073
8469
424
5837
3637
3254
1985
1294
696
1901
7875
2050
7242
6948
8992
6932
2912
4788
4260
1194
5742
4920
2144
8069
8888
6425
2294
1054
6959
9426
1251
9419
9410
6787
7496
2748
9744
3659
4169
5799
1836
4218
6227
9317
9997
8350
3399
1833
4727
9724
7257
9114
3816
1010
5769
4054
4482
7562
4850
8520
9452
4233
5334
8689
7198
2269
3989
2833
9109
8448
9750
3211
8924
6702
1457
3850
1352
2348
5065
9573
6207
829
8127
9179
5869
1085
4085
7955
3850
1476
6703
1006
2250
530
7037
3006
8058
7479
9544
3040
8489
6058
4153
3978
6885
7181
3996
6569
4269
2882
4323
1140
4105
6649
2068
6008
7885
7187
821
3870
2652
1053
173
697
2998
5657
7759
1808
9111
5141
2423
5612
4080
3344
3075
6211
5072
767
3756
1606
4934
1872
8755
282
200
4791
4593
6608
322
5849
9665
1276
7169
2684
3195
6264
2708
5357
2102
7018
4029
5602
522
9882
5473
2656
6488
9972
3788
8019
1663
3002
7595
3530
2819
8773
3146
1228
9337
9664
6886
154
5700
772
447
1036
1117
2607
1037
8617
7629
4906
1523
4117
3464
6898
4563
3670
7980
1374
4845
6927
7185
3225
5764
5493
1932
4893
9882
1704
7985
871
8619
8777
7324
3456
9255
9802
1614
5271
4666
5340
7147
2776
1233
3240
210
239
7953
5702
3047
1717
6942
7124
7932
5280
4934
5497
7568
5246
113
8153
208
2086
6724
7761
3501
1514
4988
9443
3629
5500
7373
745
9888
7596
1177
4908
1806
9016
103
1116
8115
8195
3965
5114
1843
6211
8391
1386
610
5043
4172
3677
3411
8978
9501
9146
962
2199
3684
6943
4501
1633
7462
5771
4569
1633
7407
8428
6536
4416
8717
2765
1771
5876
974
670
1613
9098
1696
47
6033
1351
1921
3611
8234
2495
7762
6199
2613
8965
5315
4948
8029
3038
7536
3357
7882
6872
6276
5763
3686
4849
558
830
7092
9958
2812
663
4967
9976
5681
3953
63
5311
8854
5478
6729
1071
1527
3289
2252
8103
112
3866
2064
5456
9930
3450
4840
6567
5363
4653
6399
4477
9753
4177
9644
1267
1032
1182
8787
7156
3424
1635
7890
5785
5205
9882
8055
4510
6113
7262
5659
5982
2413
6675
9602
8965
9494
5685
3836
9642
8472
2953
4169
583
1961
4179
3272
4255
8148
7852
8420
8462
3218
7771
9223
130
6117
5472
1909
8613
9144
1442
5989
9697
5356
6755
2097
4984
4226
8563
1251
3429
4963
2575
4618
8171
2445
8256
5014
3017
2159
7178
8349
2769
3072
4900
6847
3166
7825
2640
5729
8972
9046
7382
3405
9065
5012
6700
62
4618
6440
722
2396
3535
2088
8564
4167
8964
4889
3363
3724
5365
9530
6785
9853
2551
7950
5252
4361
2321
4107
1421
9106
8134
7890
4485
7965
9333
4855
3390
5425
8700
826
5935
41
8652
1880
1111
7124
9002
3821
8878
2064
3780
9957
8461
2492
3760
7239
827
2046
798
6113
3869
9423
7898
8434
4247
4171
8114
2087
3930
7456
6725
9118
2362
161
9317
7376
6266
7735
39
4994
7709
1278
2827
7998
5834
2764
429
8429
6372
5542
7472
5065
9201
8961
4223
6724
9374
9885
662
7339
2931
879
6530
1379
196
2682
7124
1211
6333
1675
464
9825
1326
9406
3211
4898
3526
4023
7333
4519
8490
2273
1536
5485
7968
8695
8672
5626
2104
2213
5124
1012
1159
6893
9487
6259
4080
7145
1970
1490
474
1682
2968
7442
9516
2022
8016
7940
8066
1915
6201
1220
6186
7277
4147
5935
8930
7822
9070
8846
714
976
7157
1155
8882
7434
1834
1132
2485
2374
3126
565
9163
1234
6599
5842
2269
9521
5291
6232
8326
8609
7475
2110
3944
7624
109
7536
8682
3507
9363
8358
6034
5553
2763
4996
4663
270
9282
544
2917
1890
2194
2335
3987
2595
570
1547
426
4290
2889
1658
670
8926
3753
3683
5529
8515
4593
9354
1857
831
3944
9608
337
9466
5405
8305
9854
6235
5097
2523
9282
3384
9003
8727
3437
7833
420
6563
8256
2695
7916
7815
1685
6059
7745
6847
546
6100
8469
7568
31
3055
7930
2741
9717
4932
3613
6439
4015
3847
4273
7218
6382
2874
7588
97
6286
29
3814
3963
3443
5432
5654
8187
7824
9467
3619
2049
4325
3746
6398
4292
3156
6817
246
1095
2947
9138
2515
453
4763
7119
5826
8653
3286
35
1801
2759
7901
5223
2710
1549
128
5241
151
6476
7618
3022
3108
2582
6616
2104
1884
7069
7094
4454
2540
1712
7467
9130
1462
7567
8208
7942
7934
4636
768
5153
5264
5280
8527
2595
8756
741
4709
9300
7814
4084
7076
3465
2669
1783
1362
7477
7693
4787
8953
6164
6332
9863
9609
4384
1339
4238
716
216
7367
8225
1123
7443
4137
6357
4945
956
6178
1822
7055
6089
2952
1052
2191
8475
8070
5937
7051
4307
6083
8855
1781
8924
6646
7913
6713
9683
6090
8492
7957
1778
5791
493
8990
1511
2283
7603
3187
4960
7503
7093
3127
7323
8911
2228
1898
577
8523
621
5288
5407
1608
9911
4719
7870
6081
214
4517
6152
1859
7299
2834
8690
1105
9654
5717
4819
8414
3684
9908
2910
1880
9603
9471
666
7032
6139
9085
3179
7755
2712
4740
9697
4950
1962
7338
8498
3049
1233
1911
871
1288
735
6286
8295
3759
9038
1268
1133
9048
6234
8639
8239
368
3613
2963
8939
55
2459
2838
1971
7823
121
6482
7985
1798
3632
5200
1366
7250
8113
1049
1145
1872
7990
1256
8811
3764
311
9496
4183
8033
5207
814
3693
481
2101
3156
7734
2966
14
6154
5778
3699
3160
8308
3144
3329
8733
7997
2177
749
2834
7592
2076
7859
7759
3889
5789
5996
5787
3591
9749
2869
8574
9727
1187
5449
7622
6673
3462
9881
9686
9369
3342
1418
8288
6899
4758
13
7419
6730
8376
7036
7896
9124
5418
4272
1254
3276
2811
6885
9693
4248
2289
2737
2461
6433
7367
3987
248
3547
4782
9755
4530
5841
3659
333
3182
5798
8805
4799
7289
7822
5011
433
2265
6532
6286
2878
6681
3951
5541
4163
3814
387
5011
2371
2901
3917
6007
9514
8619
4457
9641
7054
6868
6897
5659
1395
1156
3873
8618
9552
1216
9754
8294
1456
9722
1253
7253
3633
8742
8323
8873
3026
4902
7559
5552
1595
2749
7253
6276
4470
1279
9654
795
6106
349
6861
2785
5045
4707
3393
4547
1179
5134
5186
8669
8353
4332
1181
7484
2625
1763
9938
3085
1476
6106
5373
8415
3235
7409
2934
931
9371
8403
4726
6318
8421
9646
6938
4695
671
9560
586
2154
1835
6670
8147
3264
5535
5742
33
6061
7039
8089
6871
626
5700
929
1715
9706
3771
6224
879
6747
4719
4118
9972
9571
4503
2400
9060
9609
5206
9791
7298
2663
1072
2852
9680
4667
8392
4968
5021
1901
9395
9862
3513
3506
7659
7459
9689
9057
2504
5615
1924
8721
1481
7537
1569
8689
3840
2765
8747
317
3660
978
9396
3036
5991
3460
1122
4340
6187
5143
8995
1868
1775
8591
7661
533
3789
874
5911
4885
2430
6911
2974
3440
5720
2716
4851
5131
9284
3042
9940
7118
5978
5277
6712
9481
3731
5002
761
6745
4068
8541
999
2273
5098
7234
373
2295
6063
3104
2101
6658
3714
2549
9248
1587
6669
5273
2693
6293
9867
9972
6438
7182
1571
6157
8501
6327
4420
7383
2863
4543
9436
1473
3162
3922
8143
9868
4760
4914
3186
1660
7020
6062
7164
9544
9789
3799
1631
2486
594
9797
6817
6255
1464
3816
7113
7525
1669
4223
9834
7143
4190
1405
9392
4641
6676
4369
4941
3062
7931
5842
3323
8553
341
2388
4996
4990
4882
7594
3887
787
4721
5504
6072
8902
4849
7403
8107
1887
5253
8358
1182
5386
1151
8090
8019
4815
4757
4404
1531
8007
2714
2262
8514
1390
7830
3814
4465
9675
2074
9089
24
1648
1995
7773
970
2129
6708
3683
6067
8495
5818
6999
7686
2615
5066
5075
763
8063
9517
70
8204
7938
3499
5144
6134
1316
2500
5243
1735
690
4855
3314
4449
130
6922
2861
9051
5322
6923
7200
7748
6870
3271
7623
8001
705
5390
9899
6459
8889
7173
298
5254
6178
1977
9745
2720
4813
4094
7602
8767
2038
8244
6481
984
6115
6166
9731
3501
619
6910
9967
420
2555
910
8888
1274
6220
4451
7028
3800
1258
2132
2515
326
3954
366
6617
7875
7697
2615
7469
7748
9487
4523
1203
2994
886
8538
7337
5312
1518
9525
3122
7008
7382
4672
1440
7850
3308
7931
6884
7312
2902
1823
4358
9740
341
4741
8523
7494
9425
6921
368
2545
1876
1796
1524
5892
911
9868
3330
6266
7172
2761
1523
4137
4905
4790
4466
9810
573
7048
8679
752
5180
5669
6623
8407
2139
1363
2692
4990
4954
2921
8187
1469
5785
6830
9477
2655
2996
6456
1913
4910
146
1869
9752
8890
7996
992
3805
1189
382
3389
6487
5470
6367
7794
1124
7602
2690
1207
310
9565
1409
4670
3547
3475
9152
9008
9637
9295
5361
8630
9684
7518
7799
968
9395
6744
5744
8739
3984
8245
3183
4784
9490
3036
7729
1584
377
1465
7092
327
3256
5205
9052
1229
3861
3412
4389
6396
4914
6932
4234
7110
9175
6642
5807
4017
2659
9293
2644
1472
4064
9585
5446
1682
1210
9210
8974
7644
4774
7338
9700
7042
179
4499
4729
237
6798
816
9
6648
6040
3882
3617
4440
3910
7238
8450
3692
149
3133
688
7777
7255
2709
8424
5941
6539
4256
4933
2966
8507
6046
3716
967
1066
8149
3167
875
4645
245
2510
283
6351
4740
822
7590
7197
8476
7218
1551
6553
9441
4634
5523
4521
2529
3137
1430
3261
7065
204
7680
4282
5285
1697
1356
126
2048
6119
6446
3287
3370
3730
7815
8571
6921
8928
1051
8023
1669
4824
6593
7764
5648
5096
1505
8355
6119
6512
1958
4839
5818
3312
4916
8845
5635
2488
4489
6533
122
8793
9029
9632
732
547
9628
6178
2807
6353
7805
8586
5985
4692
6046
2961
211
2633
6312
1462
4917
1958
6145
4656
8913
373
1672
6965
9653
2311
1043
965
4474
8788
510
32
2283
8066
8221
3301
6769
5317
1077
6930
5676
9838
8606
528
7501
3439
2253
7272
8015
140
2093
6509
8852
8750
6123
4188
1244
6414
4228
5632
3486
5536
3186
3345
2624
800
8792
4694
6333
4880
4234
5989
3056
5306
1277
9359
3884
3527
36
5695
9361
5645
7863
1507
6678
2277
8944
2548
687
5782
3067
5222
8241
4797
360
2749
9344
403
4308
3596
3136
6903
9313
5588
9888
8908
554
3125
1346
935
176
7724
5183
433
5707
9642
6903
6314
266
1898
7378
497
6361
9643
7704
3255
8967
3086
2228
5975
193
9964
7903
2535
5729
6554
3997
4185
6464
7009
4205
9389
6770
7560
5319
739
7544
2235
4282
1021
8531
3143
6130
5205
6502
8364
9321
8496
7572
1843
4516
3478
6799
9993
8164
3446
9808
8237
5111
2041
8393
9720
2627
5867
8829
2237
7515
9296
2059
8654
784
3079
9833
4523
1395
8810
9082
1819
2615
4132
2420
778
8517
2715
9928
6669
657
5539
4499
604
7387
9457
1942
241
7515
5901
9042
8155
4657
6432
5963
6863
3149
2995
7475
1657
8922
1564
3227
9496
3533
6305
6216
9547
5507
1043
6742
8286
6149
2855
1911
4919
5406
3060
2152
5999
9773
6283
2148
8790
3802
3336
7585
7788
9211
9950
6728
2672
1121
6755
6718
468
1989
4422
5699
5987
8785
1641
2510
8084
5020
8213
4578
4317
9821
6314
641
6902
7613
3776
9400
94
5871
6634
6745
5686
6012
8156
2352
5291
5680
9955
913
261
7610
7747
1217
4090
3189
416
1673
2824
1421
402
1758
5545
3757
7331
3310
7196
2490
8955
1259
9963
5276
1641
1799
4420
6533
6964
3556
5929
3809
7886
8237
1868
2251
141
2670
6858
6732
9621
7920
2075
322
4899
6243
2297
2045
9652
352
3825
3350
7903
9865
2526
3300
6943
1304
758
6529
9802
1405
5562
9321
8461
5797
17
1647
517
262
7052
9776
464
309
1618
7907
5825
7287
6932
6160
2766
1862
8308
6280
1826
3288
3848
1798
8158
1895
2462
5476
8913
686
5705
8598
2660
5717
1015
2275
7767
1316
7037
488
2894
105
3443
3458
3944
8545
5150
7165
7213
7109
6523
5485
9128
1427
7159
8676
6816
8204
5332
4211
8819
2167
6454
7618
3216
2719
5129
7009
2538
5477
6295
3528
2010
7969
3866
9714
8436
3711
5095
2787
368
4701
4705
343
3637
6121
625
2247
9667
4323
4234
459
1098
3938
8699
2849
2904
3917
2934
4556
4758
219
36
2250
6470
8732
2401
3353
6190
7014
2021
2098
2544
4533
1605
2697
7307
3981
7559
8212
2166
2104
6561
4644
7056
1105
8243
2074
6480
7579
5516
9396
7164
6037
8292
1027
3636
3744
4222
9754
8394
7809
8016
3388
3119
2460
7738
7
960
5434
9504
1491
6059
9120
7488
741
9052
2651
5360
137
3591
4497
4926
1522
5093
3420
7547
5183
4365
5082
3748
2502
5637
3751
9431
428
4545
6115
2897
5777
518
1431
3191
8658
9059
3112
9808
1160
1723
9224
6577
8628
1184
5864
1445
5619
1136
5526
282
8612
7465
3905
2747
861
8290
7933
5589
5792
4394
7511
4396
941
611
5038
7359
7021
5824
867
579
8269
6303
4056
1013
6148
1310
1795
8937
6627
908
7058
956
1782
2340
1533
9702
5066
4801
3378
1723
2885
2857
7269
9773
3731
1199
4928
9658
1997
8803
2739
5273
5959
9487
125
760
4521
6779
8449
9834
5399
7033
1231
2864
1233
2857
3774
1847
4156
1129
5021
9916
4058
6587
9860
4678
2185
8330
419
2779
5179
7167
4902
6141
5842
3342
309
5056
9280
2476
9152
4158
3511
658
2073
104
2908
146
3857
9158
3775
2823
2670
3417
6908
8583
9965
1965
9240
60
5314
3611
5551
1256
3153
3560
5089
4939
6185
8952
319
3441
1953
410
9169
9509
984
753
3639
7604
8766
902
7937
2454
255
3408
2130
1084
7401
5048
5114
7113
2132
5966
3503
5046
7978
9040
3118
1447
4874
7164
6424
5372
5490
9972
2293
9655
4214
6610
4570
7373
7642
7825
8253
9153
6637
8393
6654
6890
7027
4606
32
916
138
7168
9574
8203
1599
9183
7158
777
7112
7293
2403
7145
5378
5114
1209
527
3070
1460
2717
935
5914
1887
757
244
451
6912
4853
9704
9711
2542
1997
9112
6623
479
9873
1969
8658
7982
2780
9358
6953
7676
3998
1149
9658
9123
3479
4255
5781
568
2468
2798
7144
511
2892
8777
524
4326
8956
5865
1132
3420
1883
4419
185
3992
2503
1379
4928
2944
4131
9708
8903
1184
2333
7667
7758
821
201
426
7007
9302
1523
6207
7164
558
132
5405
9443
5497
3202
4568
4796
9371
6693
9315
790
824
8683
2105
1271
2133
9826
2639
1494
8668
975
4073
912
8611
4106
9930
6045
7
4880
6930
7605
7522
2537
5234
4563
9161
9263
6820
3830
6936
5421
4736
2257
9221
5260
7206
7733
9851
958
2538
3527
7910
1634
6650
2336
1704
4907
3596
5902
5516
9063
8872
2780
2592
4539
397
6363
1141
7692
6769
4413
3870
9704
8346
9063
5257
7017
4354
7903
5383
8181
8153
8247
3043
8263
9631
1458
1485
3267
90
1542
1726
2231
4765
893
9959
4825
587
850
4517
6281
7729
5877
7380
6808
1150
5803
1607
7809
6161
5798
8918
5332
8516
4712
2231
8156
6859
8240
5576
8515
1590
6292
5574
9825
9049
6096
3570
9600
9783
7349
4320
6600
2563
8401
8727
9618
4183
1369
9454
6067
109
3652
8095
1545
3887
2276
1880
2098
4338
5367
6459
1995
1637
8087
8515
9794
2369
1474
2906
7684
7198
2416
5744
6507
3181
2985
8444
9989
2378
1734
726
9986
7728
7387
1195
1730
6992
9389
2768
2089
1621
2348
8579
3865
1921
9662
7935
6136
7727
7599
5335
8617
9617
2722
3966
4863
3093
2645
9924
8195
3201
6573
3310
266
11
6113
4731
8885
3571
3473
3864
7166
6582
