9598
6838
9054
3445
5246
3729
7841
4939
1665
5529
2216
2991
6692
1393
5126
4907
7642
8673
4300
5456
7671
4481
1819
5311
5628
297
3068
229
5606
239
5982
8495
2060
5771
2970
473
4340
9583
8388
5677
8298
7077
5518
502
8638
9691
7494
6180
2924
4450
8857
2031
137
5076
3227
5802
7300
5652
3632
1240
1409
6922
8713
1728
2110
1906
881
7185
2312
5486
4262
4813
4576
525
1063
3093
684
5282
845
8746
3913
662
8564
5279
4978
3646
5917
7604
300
3554
8297
731
3350
7425
2835
1186
9130
1334
470
8999
4650
5231
3047
4129
3777
9064
9614
1130
6377
947
3452
1394
7852
6256
9830
4616
9455
9589
5871
6792
7651
2887
1586
2893
5764
6958
8318
2619
201
9562
8495
5489
2031
1365
122
3883
2015
9521
827
8600
872
6678
3931
3223
848
3970
9785
6072
5353
3954
1017
3851
1460
2055
4926
8491
5947
2346
5161
8595
9940
9021
1143
3700
9388
2959
6159
6963
3783
4225
8008
7731
8025
7543
7506
2015
8017
393
4000
2852
8171
2456
7702
8341
1928
8368
2540
907
282
2100
5631
6361
8799
2788
7938
9393
7413
1316
6491
9613
849
9547
5218
6633
7032
1903
8390
4944
8298
4211
2765
466
357
998
6582
9664
594
5178
2085
4142
8482
1001
5913
2339
7837
9391
7601
2886
6881
5345
8045
3677
8416
754
8464
7257
6605
9263
2260
5060
9481
20
5814
618
889
7485
4341
3453
4351
4719
6725
1579
9659
4204
507
7011
1340
3822
9657
5047
2464
3563
6800
9087
4763
8164
3382
8080
4628
2910
6791
6871
3563
3201
7092
9594
8308
5353
9604
1935
2523
8307
7876
7908
7179
117
7123
2941
7225
7778
3347
6539
4722
8307
3765
8669
7560
1132
6151
2540
428
6920
2384
9970
9266
5259
6197
9074
4475
267
4195
9413
3898
6740
736
7120
8381
8221
2832
6980
7404
510
913
8714
1261
6768
3748
6588
2218
5040
7616
9709
8885
6191
9837
5170
523
7597
8708
5052
4941
4050
10
9740
633
4273
2181
5664
8189
6052
8057
3305
7795
1627
5093
5636
9086
9418
5643
8190
6843
174
7820
479
8999
5664
7939
5204
5680
9159
2456
1556
2717
8684
4205
4661
5502
4949
6056
7955
9317
5709
2240
7270
4099
9934
3033
412
273
2012
7728
1996
5808
2443
8970
6190
6500
9347
3478
9207
6992
3334
630
5865
1658
152
8436
1125
6288
7532
944
2371
5849
3519
311
1215
4613
1272
5804
9135
3645
39
9896
7939
6316
4544
9239
4327
2789
8406
6384
587
3346
366
3282
5568
2722
1747
1152
7995
9319
1902
5210
4600
3212
6184
1337
8227
9171
9488
295
1210
2524
9985
366
3751
5676
3119
6503
7119
1634
1267
3146
824
6970
3740
1907
3179
2830
7343
2343
2086
2507
7767
2541
5648
1776
6997
3051
3028
525
5735
1117
9181
4187
1709
9297
5184
565
7154
8857
422
9898
3481
9552
4188
6995
2755
4019
4385
116
4688
5317
8965
309
5947
1945
8808
7369
2630
3139
1323
6158
4915
9758
7792
2008
8025
8007
2442
5400
2874
6883
2768
9909
5645
7544
1888
6870
5694
3983
9925
2602
297
7666
9889
4860
6023
1339
2049
7712
6957
7912
4643
7048
6387
845
7774
6939
9307
7811
8328
654
2215
7033
3901
3472
2485
7610
8115
5873
4480
4824
2566
7600
5991
2039
5216
6461
6664
4399
2711
5186
5021
6130
1745
4281
8984
1379
8726
15
6578
181
4388
7771
9154
8508
8839
3471
4057
9548
3335
6306
6083
7303
8048
6666
1805
7832
7619
2721
9152
615
1090
8400
8781
3101
990
8122
4968
4568
9272
8234
7045
6434
1182
5006
9907
5296
3413
8359
1998
9747
9617
387
8572
8537
7188
6757
6585
6152
1869
839
3375
2341
7092
6166
1547
9044
2525
3117
5611
1956
9467
140
514
6515
1004
8727
7658
2845
6974
7513
6606
8950
7638
9673
4503
5655
5508
1155
2435
2628
8932
1824
4849
970
1063
8791
8507
6935
2178
8572
1610
58
6727
3244
6581
7595
344
140
9287
8697
9243
4948
4324
5970
8523
1817
9521
7709
2853
570
7653
6122
3542
833
9731
946
5332
4276
6030
7611
1505
4149
3134
3408
2265
1445
2649
5023
9977
7657
8309
3802
1477
6683
5739
7132
9622
1558
266
1163
282
1660
3832
9148
4661
3147
9552
7262
8731
1543
1142
3582
7500
327
5017
546
1500
291
3130
6011
494
883
2307
8868
1648
2238
6699
7465
2330
1323
4773
911
6623
7845
3148
7093
4534
3186
6861
364
6538
7933
1954
2320
940
7366
1127
1894
2986
4343
81
8624
9843
9289
2916
8482
2398
8682
2885
4804
7528
8140
2502
3969
4522
821
4074
4493
7624
8985
9952
5589
5588
3234
2495
6381
3342
2266
9860
9910
7750
5908
5557
1824
5670
2915
2994
4808
3190
4325
7398
5550
8625
7192
838
3672
1697
9411
310
9506
4806
3787
2205
5289
9516
8492
8496
5920
3249
330
5587
8841
9595
9650
1605
1299
4058
3662
6677
6692
2006
6798
3556
5627
6035
6843
1200
3252
1426
396
122
2839
5633
6064
6636
4225
6184
1956
7989
4741
4783
152
3830
2430
5898
9819
6911
652
2863
4575
5879
9186
5458
3613
9697
75
4779
6770
4535
6138
6177
8997
4373
2307
8680
2348
4414
5526
4999
4666
7028
7617
4838
9709
4378
2182
1231
5734
9141
9119
9028
4532
7604
3317
6400
110
7501
9875
3119
4336
8830
3462
5186
7763
9423
137
566
4193
4844
8948
6388
922
6645
8880
391
8782
967
2521
6040
9751
2132
37
505
7299
2966
575
5703
2192
7927
5930
838
7953
3105
3250
3328
2604
9061
1425
2383
681
4136
676
8512
1076
8795
3464
4301
5962
9122
8247
133
5947
7868
70
8031
4617
5783
243
412
890
5991
6207
6538
1256
6906
7286
1569
8814
2011
962
1069
5314
6401
3491
138
150
50
744
1265
5458
2309
9008
6010
9739
4458
8341
9049
9855
993
7382
5957
7911
3
7060
6146
7888
4154
7492
7693
1029
4288
4236
9760
5061
2427
4259
5184
8840
5647
8766
5440
9851
9672
8293
8500
2877
242
8530
1050
1742
1274
7610
7431
7532
7045
4791
8824
3316
4045
5012
8176
7210
8503
8794
6631
3543
1558
7606
2155
473
4603
5927
9918
5805
4989
8434
7825
6820
3172
2239
1653
4175
5158
5734
2193
6654
2996
2816
5859
7788
3953
9376
2292
8063
1535
5706
9689
6784
3353
7787
1444
3609
7684
2669
6210
5689
2713
5086
7355
7069
8367
7838
4407
8423
3727
8933
6006
9285
6688
8929
2978
2366
5775
178
621
2145
2815
8781
6538
9857
4945
6329
6587
3640
4217
7373
4318
8641
891
7251
3816
415
4976
1247
4749
6050
8915
4589
1168
7706
4502
1856
2116
9910
4979
2332
3794
8887
2227
9548
1596
2053
8772
3320
8187
3396
8770
1804
8219
5924
4259
6941
1939
1003
384
236
2061
5575
9283
9735
7729
8170
4893
6855
9748
5368
2083
5356
6463
4787
230
4129
9092
1739
7606
726
5498
4667
9538
8974
6452
7959
1793
1835
3804
1847
8713
2779
7020
7638
2704
7666
1511
4724
6342
4134
933
434
3536
1104
2706
3203
4662
9776
6032
7121
4405
9409
2274
5702
6260
2282
4517
8619
4071
2293
4106
6717
7915
1892
7528
4289
2223
466
79
7203
4794
749
4300
1255
1670
7795
8960
3707
460
7091
6166
7040
4208
7970
611
282
8106
5887
9515
6421
5669
773
9750
8050
7436
5315
4122
2779
7644
2608
650
8474
2342
2339
752
3421
2693
2696
5796
4790
9529
1865
939
1484
642
4073
4328
6771
5897
8446
3004
9354
9228
2673
9577
8685
8446
1607
3147
1770
5752
6608
4233
8586
6734
7942
9913
8747
5840
7187
9371
8124
4380
1856
7768
8690
7854
1281
4387
4185
5971
9248
6115
891
4817
795
4471
6023
7843
826
6509
9703
12
1076
131
8621
8508
9943
2077
4283
4743
5241
9670
5695
6832
5303
6640
5645
1739
8100
5538
1204
5923
5661
1780
4692
2326
5504
7413
7203
1232
2589
2790
7498
3164
5914
3377
2139
9194
2023
4370
5949
5800
3542
3876
1216
3202
9723
455
2095
3694
5807
4250
7842
9490
5176
1032
5876
6422
7094
5499
6855
8157
9536
3039
88
9055
9690
8056
5702
9196
6990
9972
7010
6924
3791
6993
9157
3082
6281
8725
7139
764
5360
353
880
490
29
7953
9478
4560
469
957
1346
1803
1024
8959
3764
2152
2891
5785
9297
1002
9989
9184
6062
2347
5125
6326
4039
9161
5277
777
8268
1350
7674
3575
778
2486
4117
9898
1694
8693
8565
2961
3349
7669
4223
1147
1325
6962
5055
5468
8141
9227
6260
2024
1531
1756
8517
8689
7170
415
3615
3397
4811
8659
129
7335
7405
6068
8511
5624
8958
5418
5773
6255
5666
4033
1719
1092
7785
6176
8594
7927
7930
4615
4104
314
7199
5969
5778
821
7576
5067
1922
3028
1235
835
3107
4688
5442
2223
1587
3509
2064
4168
5290
5509
5410
1855
2283
1423
7911
3266
4212
1650
1544
3435
4352
7405
5866
7665
2529
5136
7523
8346
5654
6925
9244
3338
6530
8149
9199
4091
5430
3578
187
1791
4191
2575
3538
3747
8053
7937
8869
8867
5010
8411
1570
1522
9386
6252
5936
1365
7034
7358
4516
5076
6695
8376
8069
5461
8119
8518
4969
3124
8812
885
1720
9313
3174
5347
3212
1730
2433
7971
122
1259
2207
3679
3420
4991
6970
6425
1954
7886
9556
2057
106
9534
2452
4162
8320
1169
7561
2274
3698
5586
8285
5494
1288
1353
9298
5675
9049
6259
5882
6955
6964
9353
234
6971
2407
205
806
5660
8572
7899
4577
7551
2859
3932
1767
9600
9984
8778
8239
6623
2838
8199
5503
4601
5413
406
3586
2915
4073
3368
6341
2098
9228
7133
6906
6486
3834
560
3694
7782
1914
1256
5655
1726
733
423
8971
2368
2506
1264
1495
4661
5092
768
6885
9649
9359
8604
8539
766
2195
1417
9084
2717
2551
9411
8548
7554
4701
7654
809
9349
1730
6322
8514
4834
4127
8563
3245
5424
632
2557
3506
5762
5049
847
4221
5238
7533
6601
6661
5208
8825
4910
1205
9829
6257
3330
3554
5285
6230
8802
1140
1263
8206
665
8452
5098
5151
2232
652
3290
5987
5512
6365
495
994
9084
1287
6891
8856
445
9835
8639
708
6365
9855
1558
2671
8649
9295
2834
3083
2581
248
5534
9831
2339
9624
7403
3427
7197
4693
331
3604
9500
6047
2680
6908
6427
5620
7949
4908
5873
8478
2555
1931
7968
1854
9478
358
8917
4375
2186
1892
6728
1973
7
5569
9383
3352
5202
8806
231
749
1511
2914
9994
2770
24
4849
9804
6966
1482
1410
7691
1565
1386
6513
5502
4765
6701
7459
4033
3601
6695
2619
809
5094
1076
3281
5595
8808
2767
3291
1784
2626
461
1374
4306
2868
504
849
4992
1444
4449
8881
4271
478
6216
8768
8717
7361
8738
7474
9662
8754
3959
7461
7017
8038
1394
890
6940
7619
2338
2786
2689
3202
5539
8974
8962
963
3191
7434
307
5305
7856
828
492
362
4231
6226
251
3026
5163
2748
9994
7187
9058
4835
4634
667
945
7007
4534
5253
3232
9294
816
6609
2245
247
7429
7234
6641
3915
9374
2226
2935
7633
4193
5277
5673
1975
4333
3894
1825
4609
9433
9285
4020
5090
9933
8452
3783
599
487
2847
7925
7406
3854
3801
3161
1883
757
5437
5250
9668
8623
7958
8842
1908
5173
7411
8365
9193
1166
1983
5626
9166
93
8082
3685
6972
5748
2543
2267
1223
7862
922
4922
68
2347
8067
2390
30
3059
1150
3692
5335
1679
7525
6262
3714
768
6080
2061
7904
9049
417
1554
6891
4332
1554
9370
2043
6998
8028
5751
7230
1527
2219
4526
8527
8026
3202
1892
155
6812
3813
7419
6541
9692
5429
9064
748
4936
1737
3681
3178
1768
3735
9838
5354
4661
4773
4258
1907
6420
5439
6870
7859
6468
4027
5823
1277
7352
5664
8480
6575
4940
3871
2673
7325
6613
1953
3373
1955
2361
1586
5839
62
9774
314
2031
3868
7398
678
8973
3094
2843
2292
5768
9862
228
5594
8125
1355
215
2079
7178
9930
5241
7896
4773
3780
6539
7930
9412
1339
2379
9113
4063
9358
8406
3167
4942
3481
2012
1036
5852
5384
4969
6804
7593
9413
1105
3181
2418
4852
5968
2337
977
5491
1674
5639
5792
5742
1676
1017
9077
6922
3080
3416
4240
7291
7727
98
8429
496
2241
7538
5307
4245
3775
9928
9605
3523
3724
6972
4649
4203
2507
8641
9276
4830
325
6170
1860
7989
2008
9640
7270
3710
7950
2469
2559
690
5336
7944
8070
2517
5506
6649
1270
1604
8676
4383
4119
4183
810
6225
7311
3846
8955
3800
4313
3080
3805
4623
3280
4347
9282
3022
8437
693
1114
2727
844
2877
5535
618
8553
8744
4678
6711
3479
3219
7040
5374
6538
4588
9570
7013
884
2353
3822
1192
5414
2904
4901
2653
942
1169
7371
7318
6843
9076
8517
5337
4619
3917
1434
9236
5766
590
6777
6398
8821
152
5632
419
3406
8896
4322
2266
9878
7836
6554
7787
161
1005
4040
1659
9703
5429
4608
6147
7462
862
1017
4508
2733
7984
766
9472
4866
9040
4255
1987
1556
7456
4276
6202
5874
4621
5465
9922
9360
6010
9422
8589
5265
6305
8664
5299
7228
6063
6208
2016
7941
3393
3724
4134
6059
3263
9390
3607
6532
5547
9349
6427
9671
9998
9705
808
5550
8125
2918
5692
4820
2562
9940
9211
4421
7230
6736
5456
4137
9268
5293
7912
8384
7463
3423
5490
1936
6615
77
9000
7584
5632
5775
7369
977
2399
9296
1697
6559
4504
8344
4809
2788
7840
6612
4785
7130
6273
2401
576
4546
7850
5947
48
1804
9060
7151
185
3819
2923
2668
8118
3780
8094
494
6080
4474
1166
2848
9832
6805
2910
57
191
6659
4076
937
6916
971
271
939
4261
8619
3671
7550
7107
9359
9305
2505
2715
3348
4985
2628
7048
1490
1099
5487
4922
7844
6225
6411
4611
3075
7930
2089
3374
6099
9165
2317
53
3023
3725
8700
52
3397
9122
2715
6104
1409
8230
7179
5229
5121
8029
724
3836
92
9462
3199
5093
9764
6677
6779
4308
9276
8166
4629
6203
3459
9904
5028
6010
3225
7046
3210
5890
7441
1707
3271
5735
1667
3348
8110
3450
5030
5864
4653
1721
6712
7534
4019
6560
1887
3472
1197
1866
1104
6834
5566
5887
1320
1265
3292
1854
3852
7720
7900
2413
7994
1843
4832
5778
6754
8993
4153
4075
5690
9414
1133
9191
3640
8492
3046
218
6054
8667
9674
4172
3246
3197
700
1267
6481
4647
5312
2466
8159
1381
7077
4104
7901
4988
8227
9081
4715
6263
6511
6045
7701
2808
6475
1513
6879
3295
5886
3819
2135
8126
4205
9835
2907
902
7624
8604
2258
2810
9494
8093
5663
646
1505
2287
6144
5465
7744
1214
9085
6645
3375
3523
449
9192
6982
2788
55
7871
4191
5684
2155
2371
5089
3019
6521
3568
9699
4423
2810
3683
8693
8538
9902
7247
728
4308
7871
8854
3990
7837
6929
1154
5937
2384
6370
785
4380
5704
1244
6241
7445
6568
4350
6307
1747
2142
3952
9388
3080
1502
708
6472
8482
6616
8264
7025
4765
5780
3390
6292
1730
8811
1870
6160
7163
5966
7528
6724
1839
4940
8272
2806
8466
5856
3788
3409
9072
9362
201
2465
5832
1214
2451
2076
7507
3867
6187
3539
6377
2456
7909
5651
5355
4806
6050
3320
2885
255
9795
7600
4074
4155
6493
498
925
2062
6741
3088
1456
5436
3619
9083
3242
3482
2867
4809
3118
2969
5336
9638
346
5223
4546
9332
1394
5419
7775
5357
4548
4468
9322
6733
2812
2674
2198
5680
1577
4708
6983
1352
4557
9593
793
6268
2601
5867
2507
4986
6158
1045
323
4036
9512
8957
3701
6856
8382
6895
3325
6676
8957
7421
571
7221
6662
3338
7542
1743
4644
6333
3704
5327
4383
7810
2996
5334
9655
8506
5462
6865
4871
6997
7589
1015
8745
3417
9584
8803
2988
5680
4454
2431
6369
1137
8008
3671
8635
6627
8007
4798
2194
5718
104
7820
1779
4061
5915
816
3418
6047
9212
5936
680
6277
281
6843
9900
9874
2331
1895
6629
135
2261
6111
3132
1083
1096
3675
4990
1755
5025
1089
5732
1925
5798
3644
6933
3042
4286
6513
655
1523
9845
4430
6407
8335
7174
3458
1199
5071
7376
7873
3051
488
9286
9226
5287
7301
6107
6986
3548
420
1748
2253
2736
1412
8983
3786
6899
5131
2398
6587
3732
5661
9515
5367
5587
7672
8261
9282
6099
7433
929
5257
5886
2349
8606
2685
6086
9685
7302
261
533
9463
7977
1711
3318
6422
2264
8051
7483
3194
2696
3745
7547
4825
3565
5254
3013
1142
6893
6517
8672
1649
8258
9075
831
4658
7781
5021
6272
6840
2120
7107
6679
5881
4681
7228
794
9709
8493
104
6554
607
8658
7841
8139
5006
7921
6579
2050
6459
4369
9199
9248
5463
7830
1255
8455
1141
8296
4775
1997
7589
6925
903
3211
849
1612
2863
9881
6337
9981
9923
1163
7117
4769
3655
306
3683
9395
9323
8142
9436
9593
5245
143
3339
2424
327
9282
293
150
1900
3574
3891
9155
7266
8690
552
7285
3604
2589
1413
3631
7842
3306
3549
1994
7123
7940
3851
3973
4800
6473
6006
7611
9488
8607
7535
4857
640
2543
851
1256
8046
5693
9156
7937
4836
6572
4713
7644
5303
533
1022
6326
668
6765
2434
8214
6914
8023
1821
7204
6782
3094
5541
8480
5795
3506
7852
4624
1951
5228
8458
4323
7852
1062
8109
6180
762
1222
3139
3148
8371
8557
4066
963
7696
7224
9517
9807
1483
8426
1247
1079
9978
6650
1119
6856
3880
6801
3298
1571
3329
6909
6067
4014
6501
7648
9653
698
9445
6526
9866
4696
5590
5997
9552
8088
2088
2211
5667
6886
5148
9730
6300
8858
8503
1231
8745
1566
6143
3399
2778
8515
1046
265
4473
18
5889
3253
1811
653
5568
9225
5316
5802
6987
4834
6469
9915
9005
4231
7143
2211
8236
892
8817
6319
8756
1025
80
2988
398
9437
140
2567
167
2359
3952
2938
1014
3670
3449
2855
7540
5501
5299
3289
5815
5111
5802
4811
3434
8737
1497
7432
8122
8208
7519
1874
1648
4998
8187
9748
1691
1657
1698
8276
8904
8031
4279
5633
2518
3722
5861
8543
8751
8808
623
4676
6470
3169
6148
690
2090
5259
9450
8664
9862
5546
7104
1838
2560
6151
3139
3792
5296
7877
3460
5880
5202
4788
8751
3321
5849
4904
3704
6134
7532
9731
1689
197
361
5757
2536
7278
997
4547
171
316
9541
4630
1315
1435
9131
3629
7404
4364
1382
7291
8449
1195
286
9444
78
1149
7942
3122
8335
4421
7532
2419
9211
878
2414
8113
5358
1028
4362
7400
9735
2677
3404
2771
7318
7027
184
3890
5116
7554
6826
4702
2206
1555
679
6866
35
2769
1481
462
2119
4296
9256
5545
3387
4103
3151
7647
4597
1821
531
1306
7117
2624
8504
345
8379
2721
4789
482
8992
9006
198
5279
5810
6685
2187
9198
3067
1523
3436
5790
5048
1299
9774
2971
4187
1731
6391
2116
5897
7506
1603
2164
213
8523
3858
125
7412
8756
9213
5810
6068
5388
57
2095
9102
1145
1542
9111
3102
3215
7362
10
1019
7157
463
5290
1167
1352
846
9510
9290
2287
7800
3012
8442
745
9082
7653
2300
2500
3364
1607
6782
6945
3544
587
8025
6634
4717
8379
8775
1989
2951
5944
4423
4667
2459
7264
8966
3092
8379
7845
7669
9793
4412
8336
1646
1735
3221
1828
3713
336
3823
3164
1867
7566
3201
6527
4715
9321
9695
7
6395
1587
565
3687
2652
8315
6690
3200
9726
8457
6763
3529
6493
871
982
4621
2450
1168
7658
6424
985
8843
324
8628
4780
3022
9161
9500
7953
9510
6224
3023
9395
790
8878
1439
7167
4723
1849
3040
7123
4359
5055
4228
9111
4084
6081
9312
459
8507
1275
8600
4488
4582
5236
6186
9765
7656
3001
2659
4151
9541
3644
6092
2110
2984
9212
8913
9798
1330
1015
2871
1031
4653
7567
8637
9314
2379
686
6830
5442
296
3784
7376
9548
7951
9750
151
7872
8435
6050
831
7791
7312
6905
1165
4976
2705
1888
2480
2378
7111
8596
7500
5888
5985
6312
8509
7822
6158
3978
497
4842
2411
2419
4745
2877
4222
330
8904
5884
2229
8659
8185
6564
45
138
5396
670
7921
3615
3061
1762
6530
501
4080
3728
4092
9047
3143
1407
6862
1189
3791
8260
4626
2611
4037
7842
5291
350
5135
9448
7176
1603
3119
2314
7744
4716
4290
9871
3265
5224
8222
2807
4365
2979
3270
7406
9411
2904
5819
1305
7951
4996
8094
7119
5727
9151
1702
5491
4123
809
3271
4109
5887
8451
426
2021
986
9503
5237
2261
7537
7444
4076
806
3695
7861
5211
6980
848
2350
8447
3846
6239
2517
3580
120
6061
561
8313
4030
7136
8017
3434
9354
6208
3893
6071
7640
1581
8662
7877
1723
5918
464
9386
645
6711
9696
3452
3101
9336
2656
9237
6544
2630
1521
8043
6493
8960
7664
2093
7644
5334
6477
856
9448
8654
7187
6237
6857
848
1679
2786
2707
3501
6370
5987
5530
5053
4860
6153
1211
383
2503
5203
541
5291
8452
7847
2653
5763
1514
6873
3234
3384
6730
8778
228
4095
6874
3751
9185
8821
7569
6705
9064
1193
7020
456
1528
6988
6490
9676
6869
6671
737
8219
53
2334
5231
7144
7386
1521
350
3690
3309
1250
233
2222
7529
1200
5330
2675
5660
5648
9701
3880
8571
4221
1652
6739
8795
8135
7362
853
4054
9588
8475
774
7923
3700
9132
1617
8289
4151
5155
4683
1443
2552
4593
7
3404
4263
3788
1111
524
9996
3917
7680
8760
5680
1199
9863
4030
1302
7789
2591
1130
8199
2983
5470
1412
2186
1933
3362
4720
1211
184
9366
878
7010
8475
2978
4157
520
9708
3699
6230
5583
9406
996
8308
6970
7917
6705
6722
2465
2540
7818
2902
8760
6720
8353
1811
6460
207
5991
1989
9044
3799
2955
7326
3429
6483
6749
5659
5367
4240
2660
6382
1079
9561
4821
3878
3895
5991
4143
9628
7744
7514
5476
6249
8249
3366
5642
540
7790
1263
2229
6095
3305
4570
7457
5397
2469
3057
9154
5386
7356
8012
315
6217
6731
6743
566
7590
89
4222
9408
1014
9451
4909
6213
7777
1408
7097
1719
1060
5998
9515
4392
5876
8594
8927
8981
7695
5785
3720
7800
1865
4920
3363
2468
5481
2511
8184
4886
2398
8
1194
5535
1052
3181
1946
9415
9164
392
1811
7542
5018
4801
6472
6047
3120
593
8642
1768
51
2752
4840
2949
3992
4496
5304
4217
4121
5466
8368
654
8097
5034
2129
3446
5973
7646
7187
7090
6988
4760
8969
6110
4988
7908
1822
8266
5693
6127
447
8077
5972
3949
4406
6035
1693
8396
8647
8027
9732
86
2495
6610
7639
4656
456
1351
6308
2924
6034
5236
9765
7410
6331
1004
7546
5737
4423
4871
2186
3531
5952
4667
4181
1546
3094
9568
870
4743
4020
9594
1696
5202
8248
5141
884
5604
9373
2147
7622
8691
5784
3809
2511
8287
3090
194
884
3742
1609
908
1571
3130
7314
495
6005
2595
1006
8789
2211
9315
61
7366
4536
9310
6070
4348
4776
5844
39
6867
1515
9902
6554
5887
564
7360
6403
7294
9184
5594
5905
846
6266
1411
2339
9730
5508
5015
247
9924
6805
727
8006
1117
6138
3204
5247
4063
1720
5425
117
4102
3343
1955
924
2474
80
5759
5614
8272
2455
597
9955
1216
267
6289
1398
5742
9125
946
1858
1713
4811
6738
7698
363
1593
9353
4445
8085
3476
3293
1819
6009
3043
5738
2965
840
7418
5951
8810
8547
4927
1987
8385
3233
8325
3037
9788
9663
2866
7104
648
2560
5585
1431
833
3172
2102
3480
9618
2932
8183
2252
9362
6437
9542
9813
3811
8620
8774
7234
4566
5058
5902
8845
215
2725
9006
7041
4284
3731
6230
6659
7618
5201
5405
9201
150
2952
7473
9600
4983
951
8605
3327
9330
1295
3365
4846
7147
2008
4653
9907
6253
7594
1877
8201
6875
3758
6744
7725
3218
2358
7013
1831
7182
5593
4063
9535
1744
3254
5569
1159
3431
5396
8431
144
3536
1108
398
133
3374
4482
9341
3262
5476
1354
8113
7895
3783
8214
7807
3936
815
2043
1320
6424
9413
3550
5360
1032
8833
7874
5889
9252
8827
6822
7463
1254
9481
7754
4970
8486
2918
7457
9782
9023
979
2657
986
1698
7834
986
4468
9189
2724
5156
298
1970
7892
9522
5837
2432
9732
5093
7635
7951
4345
443
8083
1220
8980
9035
742
5057
6145
9787
1070
6284
1285
6279
1075
5797
2997
6355
1492
5069
7294
5296
6245
5043
513
4153
7156
9913
2590
437
9674
1232
3156
6697
6640
2934
5126
7279
8404
7787
7088
1970
4395
7510
4777
3747
284
7533
7857
8463
9800
9190
8611
2073
6014
3126
7854
9783
6344
575
348
3888
1251
7201
7246
9405
4507
1590
4360
1381
9344
956
4580
6726
719
5609
3541
4281
8120
2606
3019
6706
2241
428
6860
9097
7340
6155
597
990
5847
7391
6188
3045
7896
365
3608
7763
5457
1802
5309
1897
4260
6552
3125
3962
6050
4016
8271
8804
8737
4278
8685
5390
7239
9782
8996
4698
4283
9128
5058
7185
2522
9413
69
6613
7270
4592
4150
9701
7080
8264
7477
6496
7102
5945
737
2628
7698
6650
1019
2723
1980
6490
9846
3689
3223
2902
8073
2122
6765
3049
7034
3963
6981
2651
2753
5606
6170
2570
5215
5658
6883
9838
5723
8773
9172
3591
4642
964
3120
831
3633
242
5568
5431
4323
21
5685
1280
3367
1264
6687
9636
9286
9795
5026
6677
38
9786
4589
9316
7670
238
4714
1840
3517
3586
7223
6375
3058
4071
5393
2492
1086
211
3360
3105
5481
1746
9740
8576
5203
496
7481
3391
1610
3226
4844
2132
1782
4105
3542
8467
9035
9749
4185
2203
4484
9668
8128
8765
3410
8489
4759
2520
7426
7925
2159
8466
1865
3829
3142
6243
1893
9154
6339
1884
3914
694
9086
2593
3317
5277
304
2800
966
7604
3037
7796
2270
1454
8858
1457
9427
178
994
568
7455
3614
2377
2239
780
5021
2530
2421
9062
8842
9387
3385
5048
4573
9823
2278
6639
9782
8539
4824
3665
3444
1481
5938
1654
567
6071
5187
5421
345
611
5727
5193
7286
6490
2788
3489
211
2284
4920
6746
6800
1224
5889
4979
10
4666
1608
4151
1248
4029
4419
798
5086
9248
2119
9949
1839
5743
4716
133
1805
9812
2139
8905
5188
7792
7458
4738
8479
7815
3873
7901
7212
4614
499
7155
4974
7523
8921
2615
3408
3308
3584
2630
4651
5219
1392
2135
703
3256
2140
3348
7839
4791
8016
9403
1205
5143
7772
5639
2267
9725
1969
5796
908
3431
1528
3963
3129
1533
8474
5169
140
8560
8146
4993
7091
1360
2949
4726
5440
8409
2767
8079
3872
877
1131
6128
7458
2975
2115
9599
3942
9334
768
967
924
1417
4364
7414
3156
7978
3352
120
1844
7658
5789
7538
1390
9403
5890
1965
5331
1218
658
6586
7176
3309
1825
3009
7575
8768
3097
6057
8576
9471
189
5553
2562
312
4966
6028
8154
2780
9758
5983
5640
5790
2817
2193
364
4314
1836
6941
6652
867
283
4528
7612
2352
3668
760
9248
9821
5647
6390
4641
8260
8375
334
944
1476
8924
4879
3511
567
9471
6187
5013
8923
32
9618
2448
3488
7360
1053
7631
3886
8071
1432
451
1973
6191
6481
1869
9478
4337
2463
7173
4980
1754
4795
2800
4561
7653
5899
2394
1523
6548
6883
7235
492
2997
9091
6715
778
6138
9582
8519
1667
7529
2147
6837
5645
7775
204
3190
3412
2577
3071
7868
7541
7638
7179
8584
8321
1901
4907
2473
6217
1060
849
4885
7789
6730
204
5382
9052
3775
5809
8953
8198
1736
7934
946
7536
2758
3132
7074
403
7686
5837
9740
4694
1903
2179
1293
7421
3439
4313
2035
5259
6543
7874
6744
9674
5119
1499
9171
5966
9066
5400
1185
3962
5281
5279
7977
475
6492
893
2217
7790
1439
6783
5219
958
4570
4399
3348
9418
1529
1612
6369
7241
191
4112
273
1337
7631
4592
3169
9240
6487
1101
9615
1650
6118
4245
4784
7767
5044
5058
1846
3383
2670
1228
4601
6702
1514
6645
9212
1845
8150
4349
6435
1027
5037
6662
2462
5140
2366
1225
7394
1955
7112
268
6357
6077
7977
2227
3892
2249
7233
5870
4716
5313
756
5693
6391
7968
1830
1972
6942
1071
4548
7580
8085
1746
7138
7979
403
2210
1184
8552
676
5474
6578
5751
4356
8043
6698
8901
1143
7250
4820
9235
499
4148
4358
4761
6449
3167
8885
6308
7943
63
5307
5124
1627
3784
6732
1484
5972
462
2714
7831
3836
4057
7968
7348
6639
9825
2447
2961
8182
4269
7867
8821
7166
2745
9144
6312
6746
3964
10000
8057
7321
5212
4067
7919
6770
4112
3329
3129
7396
1558
3807
7101
8500
3582
1235
8002
8723
3144
8794
6701
7497
750
3231
923
3825
3415
3517
3929
1615
9085
6796
1058
5787
6268
332
5059
4284
5260
4702
172
1077
9944
2035
4552
4187
6960
3045
1528
6491
5076
9825
9360
3216
6180
4914
1832
5104
1527
5505
2508
5181
4341
6426
6695
6017
1905
5780
3724
5457
8162
6876
4277
5791
8070
7187
4654
7052
1465
4002
6567
7144
3690
1800
4622
9273
1484
4580
1514
2324
4840
5699
7065
8391
5793
3459
7331
8272
9318
7832
5123
3547
8053
2811
1233
4256
9944
5560
8671
6716
3783
9959
405
2305
6092
3293
5591
5335
9652
3519
9374
5864
4171
8734
3060
3117
6917
8370
5747
8526
8783
7359
8000
9686
3595
2149
8786
7271
9536
8573
3350
761
5715
5753
9381
1421
3513
4941
9751
5896
5310
1954
3635
9548
5532
9229
1202
4296
6012
3023
4897
9696
4815
9949
7412
8129
7063
7716
3752
7534
6241
791
8360
8310
2536
3969
3938
4548
2257
4691
1295
9395
8754
5894
8898
7364
7196
3560
8775
840
7091
8419
7403
9800
5988
8781
9669
2291
8682
1099
8293
4436
5306
9849
5827
9531
6905
718
804
3241
5693
5535
6090
3104
8854
6742
1877
7814
7168
475
6614
1843
2609
277
1061
9165
5100
8117
5182
7784
7514
2579
5490
4822
5681
2953
3936
104
4240
503
9148
3315
3648
2739
9314
9344
3523
7632
7857
1376
2157
18
4538
2580
4904
5742
4313
4736
338
9139
392
8491
9857
9092
5402
7392
4419
5111
7392
3075
1592
3450
4348
9985
1404
2727
2483
7820
116
4238
6678
676
4235
5826
2546
1072
397
104
5173
7528
9467
7001
8897
4075
8189
3770
642
809
7898
8383
6546
3987
7659
5290
5316
1035
829
8189
1064
3706
9624
5645
4773
8337
9389
9542
6177
9434
48
8009
151
1860
9948
2927
8980
2061
508
236
3568
5110
9170
2948
8304
6720
8001
9301
937
7261
2376
4278
4199
895
1093
4769
872
3577
5134
5355
4482
7958
1227
9228
1959
6650
6192
5794
7102
2866
3530
8588
4118
9332
9962
8749
402
5469
9799
3
3991
9535
9471
7793
1271
7784
2849
7109
4252
2896
2707
5344
2184
8025
4442
8826
8850
7392
9250
5874
2844
1304
6030
1836
538
3606
9412
8035
3746
68
462
481
7041
4029
6421
6942
5296
6025
8492
7168
5937
2161
9797
3083
5453
3695
2883
8503
9719
8536
5578
6481
5868
2593
509
8105
1336
9540
1250
6006
8050
7796
1206
4791
1143
9601
1524
2576
8152
6723
9338
8605
5882
1256
4659
9032
279
8337
2554
6145
214
9598
9200
2416
2756
7310
5258
8695
3657
870
6959
2825
6479
1416
2059
5252
4385
9347
7801
8066
4256
8290
7784
7146
7692
61
3152
5634
6543
7211
8762
3075
7529
860
2557
2425
4037
5077
2012
3516
6741
659
9353
3924
4591
2126
7351
4801
8120
8686
8931
3086
8766
7102
641
3096
2925
6210
3774
5516
8976
1241
1742
3591
9813
9001
4079
8794
5258
9594
2851
7807
8782
6774
7018
5546
4134
8887
2476
470
8578
8032
1772
7626
129
6735
2109
6100
705
2390
5739
5102
1244
3676
7358
1521
1456
2894
5709
1125
8695
7589
7765
4515
46
7254
4390
105
9200
2003
5487
1153
6771
3436
7845
2137
9591
1256
3862
6338
1678
3506
306
8553
7129
3860
7408
2075
7974
2079
7220
7684
2944
2726
9078
2553
7212
5977
9826
1143
217
3063
7192
4372
5769
5690
7289
9308
9883
5668
1713
1433
9745
2944
6217
177
5726
1585
1779
3983
7275
4588
344
1831
6041
3492
5370
5907
7131
5307
2914
437
7364
7082
6208
5789
1899
2946
5130
8135
2392
8312
8030
6021
7624
432
5430
3206
4417
8402
9268
4003
8614
9035
3474
6890
2440
9282
5845
9797
2370
8916
7105
2875
8204
7535
2575
1008
8265
5389
7164
2992
7195
3220
7445
1610
3771
5327
8330
9858
4806
4760
4169
7776
7844
5019
6793
954
497
6335
6164
2194
9345
2787
7533
8034
64
5988
6810
333
1922
4659
4917
5248
2894
9558
6854
9063
9453
9879
3179
1391
6601
2023
5838
9133
2829
9539
8826
6122
5976
866
7042
3964
1486
2186
3450
3901
4883
1653
6836
7593
7442
9634
777
1962
6878
9351
4843
6517
3475
2815
4704
4890
8477
9741
5303
4386
6683
7296
4974
7385
8087
6729
6932
1079
39
4055
3914
1034
6481
3219
9596
7865
1897
9518
7590
5921
1896
8052
3666
2418
3435
3307
8108
5557
7168
7295
9249
8530
5456
3169
592
5877
7154
6696
9489
1455
3321
8174
4892
1896
7995
2409
3472
4536
5510
107
1287
66
3253
692
2611
6027
6341
2600
8489
9041
1897
3390
8631
3981
9924
7319
8315
8221
7868
860
3163
6741
3147
5586
4032
4997
2204
3648
4047
3601
3000
8552
5136
4656
6635
3543
9063
8333
72
2194
6232
8038
4528
1450
2122
2526
9570
4969
3043
6932
1129
1935
2572
7223
5518
8152
9379
9764
2270
5456
2905
3396
4568
9772
6793
4009
2531
7634
2663
7104
709
1531
5484
957
1314
6330
5254
7817
2838
3906
7071
8923
2146
4408
2433
6521
168
6179
2384
9437
3124
5075
9508
9641
6799
2855
3318
1794
5574
7218
2140
9042
80
769
3660
3213
8324
9102
5818
7166
117
1230
7346
7225
562
4209
7329
3512
5676
3084
1156
675
1927
4143
3409
4710
6022
1554
5886
1126
8315
6496
8247
191
6988
575
6360
6830
6720
154
1626
8226
3197
9727
8656
5943
3203
1479
5022
2295
3347
780
3622
2056
7327
2866
2574
700
1085
3640
6794
6201
1470
6983
1547
726
4566
7318
4427
4619
4408
9430
8235
2043
6918
7095
1804
8743
8514
3142
8507
5752
7899
9466
9336
597
7868
9782
1812
1510
328
2422
3549
9025
1884
9191
9043
2776
6623
9282
6260
8585
5809
3719
1762
6313
1754
6443
861
9575
7013
7678
3577
7992
1307
8501
9475
8078
7743
8727
6879
7372
899
1382
4559
6339
1760
352
7636
5748
4330
7848
4114
2102
3145
3390
8114
6103
5995
7155
9989
1439
7938
4551
799
8276
9325
2749
4655
1597
4340
7279
3931
7999
1360
2820
5054
2555
4555
6456
7884
4388
5746
3459
8364
7769
3462
4137
8052
7274
3123
9003
4162
473
1292
724
2504
7370
810
1531
7226
1492
1040
5172
2341
5342
8224
2689
2143
5161
843
3572
4316
4806
6893
4447
3940
3511
7458
9530
2035
4828
155
3517
2385
6142
2052
9286
499
6331
7910
6075
1830
7744
945
896
4020
4034
1017
4521
6475
4573
9764
117
8207
799
7218
8922
2945
6010
4115
5036
7501
1078
1296
7872
7469
5433
4463
2385
9459
706
1131
4558
5429
1063
4712
2530
2322
6060
2605
1333
3288
4474
6376
9514
9094
8336
7218
8954
5477
6797
9712
6965
8678
9549
3189
9288
369
8815
5976
3064
4555
176
4635
8852
6925
8027
9720
9269
3445
5651
2672
8789
4731
197
6705
8062
8460
4844
3409
2116
104
9149
4633
6591
3352
9805
485
5062
7892
3277
6897
7160
2106
8063
3123
2667
8479
417
3642
773
3185
2753
9267
1112
4772
1156
8740
5555
2138
154
3211
8977
6171
4480
9453
6564
7070
1697
8594
638
2359
908
9772
7126
8628
966
8649
5056
9574
6681
7556
4705
6758
2753
2828
9537
8885
5869
1462
2400
9333
8851
473
6173
8474
3280
6214
5529
7563
3777
7074
5355
6849
2768
6264
1770
6649
8682
1618
3460
4008
7508
4343
2721
561
6559
8900
4277
8016
3307
2170
7012
9917
4359
8367
5581
7409
7048
5736
1197
1345
748
1412
8358
3994
5038
7870
6015
5596
9243
9398
3259
3935
5405
1866
8806
5302
5529
1964
1135
8307
1094
2450
7414
9403
3827
7140
2095
6223
6519
3085
252
5804
173
6419
2425
7151
9634
3456
6973
169
3727
7511
7861
1250
284
3374
4669
4210
2654
767
5624
4335
8957
5014
1914
6361
9383
8268
7014
1030
1700
849
3692
2278
9834
3317
4698
9831
8967
4155
8927
6481
8997
5457
3138
902
9976
6561
3852
7786
2168
9
7045
7882
8329
7886
1728
4937
7456
6129
5212
6815
7525
4172
3824
3098
3136
1677
803
6300
3496
2421
8659
6846
7789
9701
2049
1639
1479
7613
4691
9413
4319
5257
8380
6351
9841
1600
7642
5532
331
9191
7381
1219
1012
8977
5460
1505
6486
8039
5616
656
4598
2988
5489
344
6901
7937
8204
984
3845
9385
9148
8140
4924
3851
7157
9107
3926
9490
6059
5743
1224
5942
2393
4009
3613
8185
1068
582
6926
3660
2916
4428
26
285
2769
8438
4270
7272
30
1236
7202
8957
1149
9083
3198
1855
1801
5548
6817
6723
4028
7455
1020
6615
3846
8876
9433
5994
7050
7548
1739
5246
8279
8517
5145
41
555
2059
3201
2376
3488
8182
7997
8312
2432
8430
84
5481
5739
1460
2030
1496
2371
1238
7339
8825
4945
8924
6433
5336
3052
9405
384
6280
6577
8069
6655
6335
2318
1730
7709
2379
7808
5984
2900
5931
2166
8485
5523
8594
214
764
9796
9387
9581
9264
1012
9609
6939
5110
8850
929
4105
91
8592
3425
7687
8913
2441
7048
6992
1724
5174
2146
4124
5038
3554
9907
4481
8163
8041
6104
3916
5028
9978
8778
1533
2636
5907
1401
3119
4701
8258
1745
7991
9499
8341
3934
3739
106
4726
5085
80
6950
2722
6728
5130
726
3068
413
7448
7221
3279
8198
5062
1664
9141
5699
3228
5705
641
4000
3858
385
4429
7352
1263
9281
4019
4699
3147
2177
1754
6526
1917
7449
3843
2583
6517
6598
7558
2695
629
4516
2842
6312
5065
2778
122
4625
997
847
7214
7449
3427
7689
6074
3184
906
9593
1262
7537
5736
1296
7370
4803
1199
6221
5204
1747
5435
5901
5789
1253
8511
5987
8110
6009
3563
6094
5491
339
6407
3183
8523
3255
9248
5225
5173
221
9047
8655
631
8671
9510
1301
7789
6344
3583
6732
4072
4716
30
214
9696
6463
3431
1830
9684
7464
3897
2321
2130
7892
9363
2640
4962
6837
8528
5257
4706
7533
8575
4607
6973
491
2592
9218
6866
2618
3267
4321
5618
7394
8799
4155
6179
4010
9939
999
3760
8939
6636
9733
7956
8219
1385
9912
3105
5989
5117
4909
192
7298
7786
9127
847
4787
2831
8850
7521
5312
4019
2140
6068
2183
728
7112
5730
4346
9035
1536
9012
3073
5756
2431
1668
9808
100
3160
990
9725
4138
941
8670
4362
4912
7159
3325
289
9147
4428
1098
5751
2123
1905
4864
7806
7297
9289
8207
2323
8443
1169
797
256
4588
8778
3486
4008
9129
1755
1662
180
3199
2147
4432
4298
2384
9489
4668
3898
2945
2491
3118
1978
5961
2520
8188
4101
9134
5562
6317
8261
8907
5035
4126
9912
2574
8110
6170
1000
5597
1653
9863
4390
7233
4936
2107
3636
6023
2115
9891
7606
3470
6112
7047
9382
7671
8267
8111
6288
8808
8428
15
6910
5449
397
2748
1906
9993
3787
3278
4416
1861
1710
7786
6420
8844
6331
4178
9472
3725
4621
9698
9536
1621
2106
9077
8148
6692
6656
8701
6863
5455
2533
4818
3322
1659
6795
1379
9663
1298
6744
5834
4910
4749
208
491
5303
7801
1390
242
4187
5769
8220
9351
1892
2178
8974
9256
4872
7869
5960
8069
8232
4752
7230
8375
3929
8807
8334
3061
8020
9442
4901
5940
9060
1490
2242
2489
2563
7408
1751
9163
4873
9971
5064
9898
3078
8459
2194
1693
2244
3868
9124
2326
9132
9500
5901
6499
6380
452
2509
4003
1094
7753
1816
8438
8960
2219
7928
156
5339
6999
5735
9143
1244
4057
8572
2586
6220
6259
2955
6194
1911
7093
9880
8385
5201
9577
631
7770
2366
8266
8471
7291
369
425
7983
7135
2121
8031
8643
5246
9799
8308
6192
7436
1791
9900
712
9371
2506
6046
4288
6392
5069
4066
452
5914
6612
2759
6877
4534
7494
2267
7509
9598
4917
7500
3220
4242
7755
7919
5382
3876
4022
2997
1687
2870
2065
7234
4586
9125
5134
9073
947
8234
7700
6801
5898
3568
791
31
2624
7733
8288
6105
5765
5936
2064
2251
9212
32
4175
4168
1158
4746
6084
6310
723
3241
294
2133
6205
8528
7190
7613
5306
1004
5483
1141
7547
2161
6796
334
5619
2872
866
2782
6812
1907
9004
844
8610
6861
4099
7691
9474
7831
9144
4050
1339
8985
4442
6608
651
7646
378
8468
7563
5985
7510
6675
4850
2827
9228
3495
9840
1640
5836
2274
4873
1857
3867
7613
8689
1314
2195
6585
2488
1596
3375
1232
3478
3091
5908
4867
4055
5883
3440
9493
1022
8709
5652
5700
7572
7105
1714
7507
3424
5714
7068
8911
3987
1520
201
9020
4345
5068
5944
1783
906
6182
4363
1837
2912
4983
2188
5146
3126
8357
574
9601
1497
6337
137
9483
3482
772
5054
2411
6702
7421
9945
8182
5386
1529
6431
4464
805
1926
1209
3272
1305
6325
5681
4053
9038
2835
2824
7542
5677
9669
4915
6682
8736
6001
2775
2965
1436
3354
1411
8731
4301
4092
8890
5599
3900
7140
8571
2129
9168
410
3253
7350
8963
9789
737
6773
3947
209
2488
5225
4480
499
4491
1603
4125
379
4744
2252
5041
9142
8340
3008
7501
1717
4333
276
1930
2937
9227
6741
2784
8089
7339
7489
1271
3472
7445
4543
6283
6971
9760
8546
6717
4622
5295
6279
4535
6180
2286
6233
9753
1779
3497
4791
6349
4224
7100
7902
5058
6747
4739
9723
220
5592
1520
5669
9301
7095
7157
7072
7260
6565
3696
4985
7869
5615
4796
2819
8535
1372
9250
4917
5758
642
7544
7558
1048
2134
3207
6907
5075
1590
3727
8739
6171
5591
590
6071
8609
7558
5538
6663
5289
2737
8370
2270
3335
7729
5425
7652
7395
9282
7260
5835
1178
6361
1460
8506
1683
5082
6928
8070
3640
9840
3602
5988
7313
3246
9783
4597
5867
5968
3079
4835
1161
8517
1788
2076
6525
3183
4917
8411
6702
9052
357
3001
5848
2521
5747
8246
9195
2314
1653
7133
9577
4127
8905
3327
363
2667
6182
1480
6552
4309
7683
1127
3395
2266
570
3462
1931
9953
2906
2466
4294
6916
1768
7291
3517
2134
8569
2318
5028
4158
1300
6933
9787
1128
5715
6117
3813
2907
4476
803
5225
2588
3226
7446
3372
9190
4556
6480
7025
6504
3471
2070
1939
5080
7438
5456
2579
4690
2762
2292
62
5623
8123
2100
6472
3862
725
8639
6450
6096
6843
7388
6647
5347
9412
3583
3603
6751
7966
5844
5906
9521
9305
7538
1495
6448
5260
717
6642
5791
3872
9876
1238
8600
8296
7991
7392
7527
2339
7
8443
8745
1530
5612
8611
9013
9758
3305
6298
9287
1375
7182
2275
226
1343
6248
7036
8471
9503
5651
9166
1183
7744
8469
4057
398
8256
3166
2071
4137
6597
4772
3168
1868
1428
6414
4918
1994
7716
7439
1182
7253
7101
5276
6870
5051
2608
1870
9175
9339
4991
2102
9295
1906
1402
5651
6312
7679
3762
1245
394
7130
3066
267
4628
1018
8270
2093
8549
7269
3886
2250
4731
1747
3090
1348
8846
4710
1985
9395
5261
859
8866
4815
4408
2734
1160
7791
1672
1659
7498
4931
9966
3307
1766
7689
3346
9694
2192
8223
3642
9991
4997
382
4271
7195
1736
1753
7347
9690
7834
1257
5397
490
4060
2476
7431
5759
7948
9049
2844
3606
9388
8965
5043
1392
2959
2875
1426
5205
8164
8994
3030
2574
5255
2552
8073
960
9258
141
135
5571
3608
678
3003
4772
468
9399
6597
1374
9102
4488
452
9181
5611
1034
4059
4061
748
6185
4729
349
6908
1357
2076
3263
1403
6383
2578
7930
3247
1871
4418
2424
2557
2602
2638
7952
9871
6050
6706
6673
9858
4293
7433
3689
5006
4281
262
8610
7520
8886
4794
1799
1761
1852
3910
1092
3112
825
7423
5836
4507
4678
7230
5713
2582
3079
6135
1575
6117
1746
5257
2976
1516
7684
8521
2954
2340
1893
6210
2569
7729
993
4678
876
9206
3836
3488
217
1778
5743
752
6508
5618
753
1609
5603
512
7321
8611
7512
435
9517
4560
7120
4921
7327
8852
9624
9037
7924
5451
2802
8740
3289
8493
3808
2935
1736
1158
7174
3207
3726
5993
2893
5962
4686
4551
1517
4112
2507
6981
1780
3488
4060
6769
7372
5704
2811
8149
590
5612
2429
8463
2268
6916
7295
2133
7658
7279
4369
9593
355
1342
7304
8501
661
7429
786
8256
9844
681
5556
8043
5368
4426
1917
1656
2320
7403
4297
4872
7821
5407
8496
5482
6230
568
8499
2089
5319
4439
1639
3057
5540
5023
5711
7734
2804
1629
4652
4188
8319
6839
8437
2333
1992
8600
5464
177
3330
9198
1583
6847
3213
3983
1133
3477
1237
1118
8961
3824
22
1005
1163
8403
7231
5109
7086
5231
7880
9793
5293
3531
165
4397
9941
4543
3698
2268
4495
7628
6323
8532
6253
7888
4205
7195
5900
325
8433
9132
9277
7818
5739
6757
9190
8615
9151
250
7188
4732
7540
4484
2138
8605
1129
6239
5774
5473
1720
8617
4314
2964
970
169
4955
8376
9145
9957
7515
3921
237
722
3916
1904
9464
3115
7261
9225
2046
3214
4633
5247
8093
628
6858
528
949
69
3787
9268
4352
6237
4943
1223
6768
6837
3224
9071
8689
7248
3106
7621
3982
1140
3939
4843
4350
2431
8761
3125
2217
1796
276
4250
5419
3430
297
5732
767
5460
4404
8774
2094
9955
5054
1115
1080
9067
5971
6356
1324
624
1415
2661
5432
5183
7495
2930
3883
7772
139
8100
1509
3205
3094
9490
8559
5499
6337
8757
9498
6734
3675
1035
8870
8448
1456
9939
5483
7551
316
6925
173
8620
7808
5297
2071
3077
5356
9250
5566
2399
8088
9333
2002
7727
7985
2823
5824
3470
1438
4505
8280
6735
7400
8517
5228
8091
2882
8712
8961
1905
3765
3903
1888
9439
7106
4038
3151
7388
4801
6812
851
8282
7407
2178
6620
6279
3824
6959
7382
6011
6977
7742
8117
699
2711
3716
3718
120
742
9618
8741
6059
2637
421
2054
7212
3032
968
4850
6696
4180
4530
8961
901
6257
841
2741
7995
4470
2559
3485
8480
7040
4270
8897
3528
1260
5937
4161
6975
1756
7710
7136
3070
8081
5448
2726
6493
7845
4905
4797
8261
1700
9940
9426
6474
9154
8765
7411
6580
9676
4178
1537
3304
5354
5171
7760
9182
5244
8221
3279
2793
5525
7706
7505
891
6635
605
4377
4089
1698
7601
6078
1641
5306
7816
8642
2772
859
8462
185
1179
261
5580
2649
2586
6973
2731
884
3688
6414
1612
8152
5940
7135
6645
3498
6889
59
9034
4011
1185
8290
708
1096
8385
4688
4392
5294
6129
2629
1965
9250
5808
4027
9500
8073
3204
287
6304
3998
5064
1311
5022
884
4903
735
2528
7504
3618
7310
9684
1194
4772
4849
1506
6822
5314
6812
7891
5939
9947
53
4784
3068
7587
270
7301
9543
6848
3130
2607
8934
536
4365
6179
3407
9198
3736
673
9081
133
1665
6570
9697
4278
2488
5641
7653
4924
618
7271
1470
8237
1658
7533
9751
6676
5212
2721
371
7754
525
581
1582
7935
68
6729
2373
8032
4332
6581
1388
5893
4112
1887
504
7372
2525
4238
5232
4206
9352
5868
4377
2727
4036
9732
2507
6569
2968
5401
7774
8260
9390
5477
9355
872
4913
5642
5729
8468
5664
7143
9464
9767
653
7017
3762
376
8551
7535
294
7168
942
7898
1461
9901
5234
5582
5078
5824
8896
9114
6095
1235
7244
6789
5279
5540
6549
1821
9727
3121
1331
4789
1530
9706
3607
9325
3914
2423
8792
6943
2122
2253
4085
3601
489
1324
9832
788
1771
2852
4175
2769
4153
8245
6177
7910
6536
4349
5428
9317
4301
682
6611
3372
3475
4545
3436
5792
8220
8094
6199
3564
7823
9184
617
1369
6093
480
7709
1277
3347
7980
769
5152
5723
1384
8651
4822
7717
6242
7703
1037
7280
9494
7844
544
1075
6298
10
3581
1329
3976
2363
2290
3315
9927
7158
8490
819
5112
8187
3007
308
5407
6502
3716
3055
1211
8218
5052
7906
9775
5772
9384
311
4221
8790
8552
3208
1913
7096
6785
1139
6733
8181
7893
6445
5144
9787
5274
7467
5987
6494
1156
70
5205
2665
5552
1950
4757
487
1522
7298
991
557
8542
8059
5005
8350
9956
7986
7061
7691
8685
1953
4505
6714
1607
3413
5018
823
8384
6088
7673
64
9787
339
5547
6822
424
2307
3132
7191
1193
1340
9660
944
3638
2659
6001
869
2182
1847
1635
1468
1303
7698
6459
2316
5761
5854
4624
3347
1006
9402
4958
2554
4514
7669
7338
4888
4778
2576
2585
5725
6280
6661
7250
416
3687
656
3738
4252
5443
6609
3127
3061
2891
3686
6918
3454
5259
6294
7086
671
7263
6525
1003
1473
6693
9218
9378
3963
9624
6005
5893
675
2585
1514
9760
2634
9429
7043
7854
95
4571
7779
2443
5132
7624
7974
1316
5832
1686
7047
2580
1501
8802
1866
9969
4762
1634
7304
907
4142
1038
8239
6055
9869
8497
2314
9242
5531
1484
5409
1949
2796
3871
3677
3583
7253
1950
1755
5671
7569
5925
9608
5919
6312
5930
9492
8496
8052
3591
1776
2519
9549
4382
3455
8060
5282
1151
4394
658
3080
7496
7337
155
5322
7494
3049
5695
7055
4214
479
5090
2113
5312
3486
4102
1467
6340
3071
1252
8784
6398
7364
8067
4069
9294
7882
1731
5994
8913
2970
8855
4727
9962
5280
2556
5227
1157
1131
9000
4452
1721
7493
2780
2338
4358
4841
7692
4419
4937
8171
3448
9674
7527
4902
8686
9281
9750
7179
631
3484
8601
6840
5450
23
6345
6894
1583
1489
286
1304
1500
7807
598
1725
3635
8536
1915
7506
1145
1685
4055
1524
3079
6680
8774
9058
3576
4467
2158
9079
6831
6689
4132
2288
7204
6258
4222
465
5587
9149
2094
1274
9440
1700
3000
1197
1294
4875
8864
2067
3101
9405
1648
5398
5967
5564
8444
6424
7232
2898
8235
3748
6002
9042
2571
3608
9587
7378
8689
3969
6118
5839
7374
9667
8563
8375
280
8213
7475
8093
6793
2711
3537
2708
5590
1395
81
7821
4897
2454
8248
3760
9422
862
481
9006
1608
148
9174
6572
8846
1690
477
9426
3760
8954
6705
845
493
8063
152
307
9772
368
2911
9013
437
3219
3578
5214
8327
4219
6487
2885
9072
6993
8276
9743
4206
3539
414
9476
8779
7249
3255
8492
6057
5519
5982
1043
5987
9870
2295
7916
1646
6121
6842
1804
1509
1954
4494
6093
7519
1577
9909
4313
5465
1491
5939
3864
855
8181
8949
2311
7439
8854
5670
5349
536
9249
9680
4386
2063
700
8944
6409
7102
4224
4932
5214
6709
1140
9815
6354
1509
4878
8454
2450
84
8953
5498
7703
9553
7738
6337
1999
8045
3668
8923
8400
1121
1538
4269
3070
8475
9174
930
329
2844
4717
4510
6311
2149
8137
6924
8617
880
2146
2636
6817
1694
6902
8519
6925
1625
757
8427
1826
6240
6179
3101
7166
4157
1877
1983
270
779
1962
4896
2370
1192
3241
5808
2850
5504
8004
596
5665
5061
1113
404
181
1146
855
3079
1802
2686
2848
2964
6589
9069
4994
1947
9080
3950
6021
2276
2819
7730
4295
9419
6910
5681
7563
5491
251
9424
9451
1758
7742
9306
9085
4614
8166
5417
9174
6164
318
8396
3557
7076
9227
5351
3306
4472
389
6127
2558
3552
9652
5864
5488
5938
1185
9157
381
469
7210
2636
6142
1877
5143
7374
4887
8676
159
3401
7166
9899
2663
1525
5953
1564
1136
8758
4956
8546
7165
3808
7067
300
2300
6745
6201
8900
4198
6525
662
2282
7665
613
7487
7892
1383
2904
4030
8513
945
6408
691
3207
1258
1153
5080
5023
4598
3567
5730
4500
7854
1950
88
524
2628
7491
9953
7451
5180
1712
1128
4420
2934
7945
5580
458
1736
3098
5961
6307
203
5647
1520
9956
9236
7856
7894
1379
4868
494
1970
8653
7468
5190
9601
2572
6264
9260
129
6241
5420
6487
8539
136
1383
7704
3723
1656
3931
1363
9570
6748
2242
841
3172
8121
341
6268
3485
2665
7128
8693
1981
3278
5594
6602
3728
9570
1020
420
3413
6147
5046
9560
3780
3513
8347
3680
5860
724
7903
3740
3095
8427
5157
50
7285
492
2975
6176
2266
162
3029
7047
5964
502
8560
8380
7022
5971
1549
1886
1290
6372
1442
1604
2631
981
1196
4229
985
6828
456
4415
3333
2326
1202
7598
9682
159
6224
8700
5673
1846
8915
6659
2991
7059
6893
4241
6542
5806
1392
2341
3869
285
7457
177
1580
930
1613
1988
9521
8452
8599
622
5167
7642
2835
4419
2189
9009
7108
250
2673
1592
3873
8605
9814
352
6981
6066
8789
2579
4021
8915
3686
3861
2185
7887
6294
2590
7728
4870
2581
4610
9480
8090
8998
7596
6244
9901
242
4674
6837
3902
143
9615
1365
3099
2602
1128
2880
5226
1672
7965
7365
9324
5905
841
8353
4609
9242
9315
5402
3223
8345
4727
4542
2881
8249
9814
1088
6966
114
4813
4440
4210
1826
1636
9358
2017
7962
1768
7134
6094
2188
1760
4970
5236
3582
9950
9969
2970
2999
5077
6309
6043
7811
2464
7079
1130
708
7106
9105
4379
9136
2472
277
5605
6886
7717
6613
4233
2789
8874
7943
3810
3832
6845
3300
1232
6957
3384
2858
1094
5186
3597
6362
8631
7188
3674
4451
3275
2155
5700
8458
4085
3195
9951
1573
5904
9299
1936
8557
6978
8959
8804
9017
9828
5344
147
1383
8866
4114
4298
3954
6408
8923
2812
2701
3613
8197
5506
8916
1738
9557
4697
8415
9432
2227
2149
6107
7979
2196
7719
2435
2130
2671
4291
5984
8984
1415
1087
7436
8764
9763
8816
5260
5607
7775
9056
2128
1696
3341
4126
2234
5070
2355
372
1250
6853
6133
1327
683
4623
6832
7483
6189
4263
270
3734
953
8863
849
828
6685
5420
5666
3516
7516
4796
4675
4035
2251
2341
5352
1226
7008
6197
4726
5710
2313
4585
2676
3170
4668
7132
7352
4917
1746
2930
6362
7764
4968
8798
7429
5279
4620
7724
4604
7923
6891
8635
9693
8331
3735
2008
4977
3749
6285
9001
4868
4824
4378
4732
4885
8922
759
4076
9299
8556
9511
8140
4803
3528
9519
4461
8476
7320
1939
2029
9979
667
8025
4885
2816
4899
8927
2362
4655
8291
3681
5351
2922
8396
9603
1389
7651
6761
8534
3681
9339
6078
6812
8275
8397
7081
3193
6468
7594
5314
6288
5175
8993
180
5145
6303
1932
5354
9692
6808
8958
4084
3897
5087
881
8944
8776
8299
8090
8848
5763
7756
2591
5752
8644
7355
1065
681
3413
9467
1124
9063
7624
6679
2748
9695
985
8209
1232
8538
2937
8305
3338
581
2016
1281
849
4176
6761
2267
6450
795
2651
4429
1213
489
299
3945
3898
7321
5850
8743
8299
1088
3326
5484
1019
7697
2740
6260
9015
3204
8090
4098
2635
1293
166
2430
2659
5217
7900
9708
427
9923
4944
5926
3768
2493
1830
5132
843
162
1940
7223
8176
2035
5401
4786
9739
3653
6767
2097
4493
720
6254
4915
4021
4022
1540
5147
3462
1871
4746
2072
4804
9695
190
9889
6327
6522
3281
2049
8619
3063
4895
9881
566
9476
9562
4686
8542
3688
5301
7252
7416
9941
6991
8662
6944
1546
8792
5452
3578
2599
2815
4731
9598
293
2723
673
3862
6743
4044
1437
391
6266
2093
478
3679
2513
3252
3200
8298
7188
9237
4986
484
7577
7627
5170
9629
4636
4111
6787
984
3813
6681
2228
1572
2901
5331
3555
4110
5033
2907
6863
4804
7128
4072
8141
3991
5902
9982
9858
62
7865
8716
3947
7787
570
6629
2772
623
7952
1329
4739
7130
1927
9479
8723
1898
8779
8989
7199
3432
7769
9031
9581
6242
1914
7352
2625
2277
2082
2626
6422
6038
4154
11
5985
3413
7876
7696
1963
2031
4236
730
6592
7428
8883
1633
4651
8780
7404
8884
315
7769
9734
9388
9349
4279
4291
834
5504
6217
9154
390
3711
3238
3648
6334
6038
5766
3138
1473
3610
7198
4913
68
3603
8729
3403
5770
9648
1986
7030
9813
6237
3209
6133
2309
7601
2109
9579
9926
5401
5983
3421
6929
8270
6595
7065
5889
7068
1838
9565
8604
4621
6805
6721
4359
6899
3448
6239
5075
9942
8874
7039
3402
9954
8017
306
7603
7183
8132
5859
5584
3347
1425
3010
7994
795
523
1979
4880
2808
6081
7067
3562
1800
8617
656
3050
484
208
4197
7912
1760
267
5600
3673
1354
6618
9061
3605
4441
3994
4
6972
6314
2121
8755
8639
3818
1505
3464
8475
7365
274
8024
8161
3412
1191
5873
5274
9347
4101
7579
6675
6025
484
3040
4467
8889
9968
1315
5513
5568
985
4304
1146
3085
4325
7400
2432
5165
5015
5534
203
1651
7626
6144
582
3173
7420
6464
5929
3845
3227
6736
9297
7888
8447
989
433
1285
254
459
3852
4782
1693
8101
7087
9433
7631
5253
2887
8420
5252
3079
2636
1688
1903
6202
7227
4033
4402
4451
2820
5654
6443
9694
8066
7254
6597
9325
6415
1664
7418
5540
1942
3331
6263
8399
9755
4510
1291
3811
7983
3426
3354
459
8952
1837
7844
7215
8614
6341
239
2104
8230
5056
4320
8786
5852
7158
8590
4269
4827
2423
2965
748
1183
1459
4894
3246
8604
8696
6117
5988
6575
3325
5348
942
6299
6177
9192
9358
4873
7376
6990
3837
9405
2974
7379
1122
2800
9975
5254
4926
5425
971
1619
9353
4743
8934
3730
8984
8541
1144
4940
3179
5631
8761
7021
5718
1867
1646
7197
6560
2536
8852
8785
1091
5533
8186
600
8764
4459
2901
739
6142
5966
1170
7738
1744
20
5705
8410
3616
1022
7837
9645
771
1528
215
4925
3401
9847
7433
9146
6257
5711
4977
7427
6050
3035
9868
23
3531
7550
9250
4588
8682
3358
4730
756
7967
3968
5914
2435
602
2470
3781
8004
5652
7208
501
5285
8789
8148
2275
3167
6482
3561
3159
3522
9578
3606
5753
3171
7543
1562
1774
1448
9897
5578
4293
8108
9041
1366
2542
5673
7305
432
4352
7159
2369
8047
5183
2003
7842
5985
7427
4604
7588
9280
513
9338
4530
1004
9410
561
5228
3063
7942
164
2973
8699
132
805
7138
7160
6484
4141
5681
4752
6162
7790
3019
323
7033
1486
9831
1584
2633
6961
7206
323
9529
3893
3117
604
1198
5154
6627
4398
3896
8042
9414
5911
2901
4181
5090
2804
5594
5920
1259
7155
3057
5732
9067
9435
463
6252
1712
1294
7128
1462
9258
9282
3820
8220
5149
1721
6405
6500
9774
9343
2595
2429
4966
4992
2301
9370
5764
6145
5735
5283
3517
9638
4380
3063
9604
2716
1754
2813
1008
5953
5896
1313
8967
8093
6923
5578
644
5026
9366
6819
1887
2849
2267
9757
8547
2566
2180
1574
