9655
967
7369
8389
3644
7972
9822
3010
2249
5861
1921
2548
8217
8600
2393
8572
2564
3917
8588
6892
5488
8884
3427
7220
5251
840
6903
8084
4955
7986
1065
5368
5818
4598
3030
8599
7512
6448
3158
8617
497
926
5955
3097
2204
6710
5465
5574
297
6822
9830
6708
2967
9394
4396
9366
6406
1348
6430
9745
8684
4950
1934
8001
816
2248
9243
474
5931
9440
767
1059
8262
4322
7415
5354
7722
294
9941
9030
3285
8501
3957
8194
3389
9664
895
958
2663
5941
2006
954
3807
9921
2159
7213
5199
3003
3867
8321
8118
3936
8027
2309
7659
8914
5798
1399
4860
3212
9045
5589
9488
5057
8384
5141
497
4163
5768
8084
3055
2553
5907
4900
4876
4765
8053
2611
9387
91
8395
587
6374
5054
9743
7078
1521
7674
7462
786
6469
9837
7543
3486
6443
1607
8050
8525
3854
4369
8362
443
5420
5462
2374
7185
9865
3125
1767
2322
2705
7887
3034
9419
3951
4140
3303
1358
8722
3030
5919
9614
9868
5420
2923
138
4259
8545
9431
6634
4592
4650
5711
4334
6496
6672
2970
9722
7388
446
5618
6740
8322
86
5001
4257
9850
8046
6266
6940
370
5031
1812
6388
6936
2440
3453
3330
3294
5291
264
6307
8352
3227
4619
5486
7915
4437
1646
5908
7201
8395
8401
165
5260
8368
9585
1303
5376
2763
5935
1435
6829
5632
2800
2357
8195
8579
8222
4396
4394
695
9764
9102
2190
4018
365
9691
5645
2492
8515
4701
164
6667
7257
5483
7614
4777
5548
374
4880
5710
9169
2659
7940
3600
9092
9034
9256
8402
4307
8135
1219
7614
4770
3513
2833
7343
714
8708
3578
3895
5541
4333
624
5528
7834
3087
4015
3744
9390
5558
6859
7907
1029
8561
6797
2928
8574
6607
9241
5024
6693
6516
7543
5523
6942
3847
459
7556
6358
6439
1706
2994
7364
9147
8255
3926
8719
9852
7123
3016
723
9900
8949
3788
5654
6026
7431
3947
7391
1016
9350
5494
4401
200
1825
2770
6516
2769
2487
4882
9269
4328
2113
3653
3685
6257
3897
3232
8512
6851
1395
8343
6150
6032
2259
8134
1282
120
8855
8724
8627
3996
3203
3871
9806
9674
9222
6594
5002
6428
372
1099
7084
4809
9392
9360
3021
545
8012
9295
1662
5311
6314
4659
5761
1317
3537
1291
6636
4007
7064
7298
1839
1025
6421
5674
6349
9509
2265
5088
2873
5714
9963
1013
9964
1773
4259
31
1619
1977
7572
4151
2603
1857
1588
9970
3265
5424
4780
3236
3970
3465
3237
4484
3611
1855
5526
227
531
1469
1342
8110
9220
9963
5556
9032
5928
4954
245
6775
6090
5720
5990
3269
3801
8715
7568
6633
2420
7137
8068
4173
5262
5645
1159
7103
7545
2310
6530
1648
4550
4880
6315
3860
2186
338
3766
814
2571
4636
7325
2078
247
6883
7453
9904
751
14
303
1056
6539
7657
1377
5688
2911
195
2364
4834
3433
9253
5386
9597
8254
7422
7517
7245
6459
966
2053
6981
4379
4929
1333
1604
2298
7301
1134
8539
3611
9921
3514
5528
4757
4344
3191
7712
7849
9082
8467
5831
6983
191
6254
7195
1565
7036
6541
586
1627
619
6035
4792
2066
1890
6451
7045
909
5442
7648
2509
5144
7410
2795
7734
5776
1405
5839
6597
9943
3978
1302
4835
802
1702
5152
4581
3733
7737
1290
1429
1077
1828
8709
7030
7888
7147
5120
9577
3166
5237
182
9484
2750
1081
5240
1124
384
9691
3849
671
623
2518
5633
7035
8533
8262
9109
8324
1502
3669
2971
6878
9995
8728
3459
9408
305
5756
30
6563
3433
5660
2775
8556
4216
8053
828
1743
1116
9245
5692
5163
262
2947
449
1021
6218
9238
2239
6887
9932
1586
7190
1275
8442
8986
619
6132
3996
5605
9331
6069
7567
4095
3300
783
4026
1124
8425
9202
3414
6626
4594
5047
1520
6628
4062
1473
3342
302
4830
5778
193
1703
4679
8943
483
2125
4006
1213
9007
2184
7015
5602
7327
8635
7763
9699
657
7436
5075
1664
3069
2744
4628
8844
998
6659
6536
5069
9169
9963
6141
3317
4966
7319
6652
5171
1654
6683
4126
2006
6863
505
3054
39
494
4396
8713
2409
1522
7007
289
7516
4517
9637
4025
308
5295
2305
3093
8738
1516
3382
6950
9884
6409
5507
900
6021
5564
6413
6725
2115
5355
239
6264
3595
8311
3286
8447
186
1325
2332
5410
9088
871
5734
9309
8406
66
9752
4513
4240
2279
2850
9711
7524
7024
5037
4348
3993
7010
3687
7562
8392
4121
183
3158
4021
9306
6321
8771
9034
7418
8916
3257
769
100
425
3291
2929
1080
546
4211
5913
1396
7477
1851
4455
5183
8846
2573
1611
8007
2856
7947
1195
251
3076
8486
1757
736
8969
4295
1692
7113
9850
2902
7951
7825
8793
9624
1906
60
1126
3540
4808
3032
6600
2618
8660
3194
9585
656
9706
4029
9872
330
2005
5606
5642
257
8014
8834
7680
7987
8656
9649
7756
9874
7994
6721
8657
3659
9371
4207
7368
2583
6845
7685
7140
3762
8726
5311
8962
7878
173
5110
4523
4834
7952
1693
1899
7959
7834
6524
9367
2671
5895
1682
7577
1488
3383
9866
8446
1368
9682
9423
9398
684
9840
9957
8265
9337
244
3423
7765
3226
9974
9652
1065
8095
6453
778
7003
274
1421
2247
8401
1741
480
1671
2930
2678
7978
5583
4716
317
5173
8799
9218
9806
375
8530
331
7888
3301
9899
4610
8475
3496
7855
6558
7616
6206
2622
5828
8661
463
8792
9544
2499
7144
4255
8203
8176
9519
4751
12
4162
8712
8890
2078
4820
7171
2179
4553
6223
1188
5871
9609
11
9993
1967
9812
854
4191
1566
3493
7995
1807
3406
4895
7100
9015
4881
9080
9629
5279
3100
7114
6774
5692
9788
7591
2165
8740
5329
1496
3645
3811
7587
9777
3370
7161
6768
4349
6302
4994
9881
4315
8333
3036
6507
5101
9333
382
7965
463
1774
5607
1124
3299
2253
996
9659
2263
1848
5409
9835
1717
3248
4186
8681
3790
8175
160
141
4527
9648
5978
9853
6734
7468
8199
8974
5475
2641
2161
5375
6965
1213
2155
5325
3958
8107
3782
9071
1611
2621
6863
3418
6584
6905
1081
1034
2430
2832
6111
3265
4368
4829
9863
6
8419
5255
3348
915
9470
2380
6326
8722
5467
6084
131
2880
9832
1995
2788
380
3053
8
6530
4983
7215
9524
9798
6754
5159
9331
5531
8189
7139
5287
4009
4607
8825
854
1002
6522
6796
3874
2594
8360
6176
909
3105
8486
3332
3382
7930
3612
6186
2842
8517
9739
2879
6729
733
2325
1629
5642
1390
6446
2603
9324
6119
6979
4467
850
7114
1456
3441
1754
3540
7676
7519
7400
8193
4750
6504
7256
8936
3633
4876
7117
4996
9237
2856
6478
6618
9093
2307
5571
5538
679
1770
150
5342
9658
87
1508
9130
4996
8680
566
3025
5373
8943
5353
811
9919
1649
166
3459
8217
6382
1469
3556
9814
4878
8434
7737
4198
7382
2583
270
9382
185
5902
8101
8725
9426
2326
2121
3429
2746
744
6700
4454
8564
6510
1339
328
162
196
2496
8239
5928
2623
5873
2507
7203
3638
6900
520
835
3518
7362
4477
2808
2818
6200
556
4217
5371
5702
3975
9491
2131
1071
4228
9879
2858
5567
4918
8600
2160
7690
5303
4457
1957
5373
2413
3897
9873
4722
3370
9182
1818
8790
3876
2850
5302
266
4828
1340
3260
3317
7701
7473
7057
4331
4047
6491
9163
5153
7995
9208
3905
5951
2642
3971
5525
6035
4798
9894
1866
5133
5788
5916
813
9047
8265
9585
3327
5337
271
1884
5597
1449
1378
7449
6622
4544
7709
2438
7351
641
9328
4571
7464
1714
4756
6185
4447
6572
6204
4379
6151
4971
1353
6590
581
5011
9126
1587
4630
4270
5802
1954
7564
5006
3839
994
3785
3320
8438
1539
4487
670
4143
4300
3487
8862
4685
2329
8735
6666
5500
8333
3316
1638
8859
312
8003
7390
976
9185
7586
6549
5561
2419
5076
2109
21
7556
176
9306
5295
7407
123
6530
6832
6467
5445
225
2235
1231
3031
3937
924
3373
6551
6374
3461
2743
6167
8164
6522
693
3442
6624
1772
4622
767
893
6902
1341
9237
9777
2438
1092
5310
7359
6509
377
9575
9884
9355
6656
513
6630
3261
7966
3549
6063
2660
2029
121
1994
7297
6050
1646
2571
7707
6305
764
1347
9371
5595
1392
2629
7320
9919
4967
3377
1669
7653
1562
2349
8217
8901
3458
9072
9451
1014
9902
8959
3667
5287
7868
7118
8404
1523
7349
7068
8253
8361
2667
1087
3813
668
5230
4767
7751
6499
753
7993
9787
130
3038
9363
7857
3194
6310
3135
2353
7300
998
748
5017
1482
5070
4500
7322
9221
6419
7636
1180
3552
6157
4530
6157
3355
3063
8950
6291
3580
7716
1516
5347
5527
2400
1534
3723
4345
6491
7725
2215
138
8146
1295
5184
1432
6210
5876
3156
5740
8194
3414
260
4753
1866
970
4516
3402
2230
8683
7967
45
6915
2946
6808
5206
5075
4950
9767
8285
686
4007
260
3340
462
6391
2436
5025
4126
5455
1585
8346
3500
4718
3821
1817
4357
7747
6852
2934
9521
3698
5057
9851
1472
274
2309
9376
6511
2660
1151
6920
4503
459
9070
4780
3921
6237
3726
2518
3130
9352
8269
58
8710
5413
4527
9623
2566
9153
2122
6990
1210
1607
8464
2227
6360
1346
8783
1830
9085
5923
2405
9870
9152
8081
9878
3822
8653
835
5348
692
8288
8950
2474
7446
3356
2345
4398
8865
6400
865
6516
931
8578
1603
3736
3394
1878
6816
7813
8916
6930
5044
9491
129
4560
4639
1233
3228
6430
1726
2921
8236
7316
1044
672
1955
6646
1026
436
9349
7492
798
4571
5002
8971
750
2831
8755
3099
7863
3821
5048
1130
9973
8849
3695
8681
1888
5034
9666
9301
8922
2561
8595
6622
9074
8208
9362
7815
6199
2795
2058
7257
3401
9932
3693
909
3518
9447
1755
5692
4122
9001
3673
2288
4899
6065
3229
2453
2557
3884
3525
6993
4577
264
4280
4033
4488
7110
3234
2990
7743
5802
6356
3481
2524
8541
9793
969
7833
9152
3793
9675
2335
6292
8165
2448
4813
3813
9886
6374
3168
2406
4025
4717
8114
9957
1807
4444
4224
2759
1577
1773
9661
3105
1744
822
2179
4433
3941
1289
5551
1723
2093
3805
452
9734
755
672
4206
1895
2715
2376
1430
596
3066
4949
1044
7433
5510
3476
8796
7769
5435
6824
3838
9345
9652
5678
2766
2873
3602
7772
1330
2821
8237
5419
2547
3626
8059
7930
5010
3779
2438
7999
6056
5303
6354
2502
6837
8540
8464
1380
8818
340
1927
2669
4933
4663
9435
3871
9663
5338
7244
9959
8785
2005
4036
3467
6693
4111
8294
2564
2896
905
3996
4948
426
4898
1844
4413
1102
5938
4908
8362
548
8293
950
1376
9618
756
4714
8358
6853
8138
8794
7796
9544
3490
6613
4667
6989
4322
2523
5563
5763
26
5807
829
6184
5923
8820
343
4022
839
7480
9331
5930
5615
7689
11
6423
9366
6121
4706
1235
9139
7660
9860
8635
4913
1717
8764
3234
8147
513
529
5071
3373
349
2516
4291
630
3270
1994
5773
1177
7236
9014
6985
7225
6952
8534
2117
3645
5974
7164
4334
7215
1902
6593
5669
6585
8753
1758
1586
3221
1711
9676
4289
5938
7434
3241
4671
7242
8298
485
661
6682
4249
9510
67
2187
6920
4493
3172
5293
9901
4699
6258
9465
6600
7471
3998
7763
4604
4743
6940
460
8448
4676
2992
3249
9076
8960
3718
9891
3560
2377
8345
7857
2448
8148
8479
9367
8006
8090
2050
8550
7935
1465
424
5651
6577
9794
2926
8452
5187
6036
9609
2665
5181
98
7519
7134
5308
792
8988
5729
1643
2124
2900
1892
294
4548
6425
6033
2515
230
3485
99
110
339
7793
1010
930
9026
2084
5875
3562
4838
4535
4698
5663
9823
5362
2362
5178
3757
961
9719
3681
3143
3743
4903
3296
2902
776
9200
8537
5187
2777
4683
2141
9430
3538
941
143
6496
3665
5156
3780
8863
8185
9138
5424
2968
3809
2971
6588
8543
8871
4664
3639
1838
3596
1652
3235
4424
5445
7426
1843
3188
5854
8668
1224
1894
8108
1052
5368
205
2237
3635
688
4759
3343
7533
16
4002
5628
6256
5047
1628
6239
7332
7381
4326
8254
6105
7086
8183
2853
5094
2046
9080
1794
3724
3377
9161
9981
1855
3308
5107
302
9006
3408
1302
2383
6060
6321
114
6839
182
323
6508
8518
8489
214
4449
5059
4117
8803
7638
7292
4931
9798
980
3021
8396
7370
1705
225
4636
4191
9522
9274
8039
5465
5987
8076
1647
2336
1783
2840
5703
3916
5396
3423
1614
1344
6924
3508
2887
9689
4914
2645
5362
5688
1936
2539
3215
9708
1457
605
4287
4617
774
693
7520
6373
2463
4300
3535
9818
7832
9042
3543
9856
7739
2106
4145
347
6797
8450
9821
2729
4445
1882
54
4529
2607
5983
7252
1763
6752
9596
5820
8529
3427
5008
1084
570
7725
7253
6146
87
7271
8280
2859
6097
3053
496
5689
5927
7821
3761
1656
6008
1794
779
6365
667
1448
5681
2217
3526
9825
3131
1754
4224
6316
5652
2603
2824
6736
2716
7293
2280
9345
5299
4880
8862
2925
9243
1569
4791
8277
5228
2701
9902
9116
3527
6649
3477
4449
6155
2820
3862
9216
3226
3928
8100
3264
7328
8147
510
914
1180
559
7677
7196
9095
2526
5880
2811
5452
6343
600
7329
8952
318
4281
7728
4406
5595
216
1774
443
7589
310
1834
4685
8190
6876
4601
2084
5310
4500
6785
8311
8730
2962
1492
3536
605
3199
5981
2060
8742
440
4064
532
9521
5125
2582
1533
8705
7383
7759
9533
9557
846
2125
5687
9909
3128
776
8324
4164
4800
7750
4215
2873
7004
9396
7314
3760
41
8057
1795
4268
3101
4276
3708
4680
3065
8394
4202
6896
7497
9732
2471
745
7373
9975
423
8524
9044
5503
9536
6074
8337
6218
9655
7466
9368
8761
3122
6272
6173
2845
6804
7998
6035
1352
7522
4221
3426
6306
9718
25
9860
705
2552
7939
2929
8453
7531
3242
2066
1121
6676
1215
3940
4157
5374
7001
6964
2882
4058
587
8438
3128
3418
9498
8137
3332
5706
6286
2091
4663
1614
2980
6625
8377
7810
5980
8672
7278
1904
8185
9232
2807
4981
4316
7154
6437
6785
1907
2885
4683
6478
9885
9529
9057
5711
8399
335
731
6859
3276
8566
6191
8493
810
5822
171
4404
9995
3085
4907
8103
4411
6147
7928
8716
5895
7951
1877
8706
262
6759
357
3993
6498
9023
9341
7070
3218
3016
5190
1782
6340
2294
7673
6492
7961
3951
8596
8809
4354
4217
4882
2706
443
9479
5158
1157
2905
2530
6793
2990
5824
7364
3331
567
9954
7648
9482
1393
4616
1614
6132
8428
9607
6844
5004
6758
3900
9240
287
5709
9173
8930
6711
9847
4532
862
4611
7057
1999
8506
8953
955
1543
7681
7062
6716
7214
6670
8683
8062
6018
8572
1523
3016
5401
4774
4006
5562
8740
9230
6162
8336
7754
2538
6344
1334
6911
6414
1225
6061
9285
8381
4010
2036
3647
9207
7413
2474
2173
3987
446
4134
2892
2816
1905
8281
7062
8212
4603
6432
3796
4196
2213
1185
1262
3111
9956
4344
1129
1374
2256
8610
1515
9258
1374
6126
3769
5120
6128
100
3392
7659
5782
5637
3716
4605
6184
4307
3608
3682
929
682
7005
93
9099
9060
2557
2514
8894
3095
7630
8355
4617
9163
7293
6374
5584
364
1868
4657
5888
3907
6253
1461
5639
4101
3084
1623
1112
1159
187
2872
4360
1763
3948
6868
4920
8749
2507
5597
7702
2918
8202
5972
8568
5220
3441
50
6891
2740
2496
6402
4132
2944
7247
9890
5041
1799
5470
911
3384
4677
7539
8941
1753
6535
8108
7733
7072
1687
6313
3327
3882
1843
8603
4289
5306
6286
7044
4203
588
4974
5230
2061
714
5960
3471
4395
9585
3802
807
6171
8127
493
2352
7054
9368
7898
5128
2587
8586
1475
6863
2165
5203
949
62
7607
9549
8428
8480
4756
2153
9916
6753
2284
2772
411
4629
6578
4377
2270
3504
608
7801
6486
6206
976
5897
9213
6174
6349
4453
7570
8567
2402
8235
4340
7132
3350
4057
2809
7254
4467
3459
719
820
5549
115
3061
9978
5000
8505
1193
8033
2969
4263
8689
7376
806
8355
8259
6441
8278
6092
4712
105
7791
4410
7259
4688
6414
4809
2360
6339
9869
8679
3022
8707
3245
2433
7050
6648
5977
8754
3857
1999
6659
8258
7747
2882
3793
1233
2951
1107
6306
2998
8564
6764
8164
8078
6415
1411
8753
1683
7194
7680
1346
1558
8842
1325
4803
6472
5255
8138
5320
4918
3221
6946
7124
1004
6242
8880
969
8827
6164
9666
1741
5098
4572
8617
818
8989
6528
4601
1252
1616
8093
7080
5450
9032
3628
1305
5069
221
9523
552
9137
5542
347
7757
6122
3475
2852
360
1599
6279
3365
4818
2164
6991
7448
7972
4231
3367
5656
4348
8765
4469
8553
4895
8023
1273
3413
8051
8040
4059
9607
2381
93
5167
6685
9070
6087
2603
749
291
127
8655
2182
4104
5828
1689
8228
5007
3182
3348
1270
3938
5065
5580
6265
9665
3455
1270
1992
5607
7783
4954
8344
1030
910
5940
9763
1020
5674
1278
5992
5245
948
4851
9716
6638
8991
3624
3342
294
2057
4811
5768
7024
4981
8736
8392
8351
8656
8952
7814
1913
3593
6698
1704
5780
2611
7241
8433
9061
8719
1831
5269
1797
9618
7186
7207
721
4918
9042
8985
5046
6164
2381
1405
3141
1029
6770
2722
7812
1393
478
4275
5767
327
5087
2484
6491
6706
6297
4795
3866
5486
589
7309
5688
3191
1362
9144
7949
3547
2635
284
2231
70
7209
2195
8698
2181
6338
7433
3408
9196
9838
8113
4818
5419
404
3743
1667
1263
4837
645
2501
6221
3585
8981
7771
6677
5487
3820
1544
7564
205
4588
6126
6096
3782
743
6267
4050
239
4626
6762
1565
1093
2317
4414
5815
5324
7823
8551
8167
7898
821
7412
460
8435
7314
2789
9632
94
805
4668
6207
7791
7370
328
2069
2412
8629
338
7340
4904
5171
6991
7271
6112
3578
7197
4474
7566
89
2587
6443
2565
356
7708
6867
5252
8716
7512
1354
7064
9215
668
2107
1824
1683
8778
4127
8103
9255
2396
2989
551
4443
8067
1716
390
8441
482
9704
3249
8212
7913
611
9528
5207
7662
618
4027
9520
3874
137
9927
2156
883
4732
2450
8329
8729
6110
6262
4560
7424
9770
2290
9518
5625
1048
2037
4893
6361
8914
3569
7447
7343
3818
4592
5148
7774
6320
6341
1778
3809
8854
4060
3720
9837
5111
2371
8297
4880
1374
6938
3027
6747
7605
7968
2965
3932
5592
3370
8451
5707
8989
4399
6235
4382
20
1284
3770
2391
2982
7508
4327
8197
1465
6172
1356
5947
2752
8274
7156
5369
1422
8927
7714
5051
9382
2598
588
1003
4114
2226
7016
4278
9711
7975
3366
1708
5777
2732
2313
6633
2518
7483
3738
8093
2306
6460
2331
4323
3740
313
4881
1204
9719
3457
7209
5973
6067
6823
8448
3346
41
2325
6112
2882
5346
6596
1989
4424
6161
8867
7534
4087
7727
5610
7490
4871
9497
1409
2415
7431
9986
2600
2405
1040
331
9379
4598
1470
9511
7655
8576
6634
2181
1403
7228
5670
2897
942
2508
4051
4265
4612
6726
2306
160
2390
1287
8358
636
1119
25
4929
9757
3060
6981
9270
9644
1703
5324
4553
2492
4861
5746
568
2206
5252
1855
6172
616
2551
3162
8598
5916
7367
802
2227
8558
6662
5695
9551
1917
2548
5327
3970
4195
8656
9070
3053
8455
6990
8895
6499
3505
1764
3643
971
4119
8031
2218
1064
4989
8483
2643
8845
2035
5357
6234
7915
7051
7501
1732
6237
8917
1094
2800
7365
2984
5079
7577
6000
6284
9537
9334
6481
8206
6245
4205
3988
5293
8264
6814
115
2318
2531
6937
4612
5029
5786
4343
7695
7443
3024
8152
2870
6631
5299
6578
3997
1554
4098
3300
2543
15
1859
5123
7913
6440
3981
1617
4511
7506
3596
1172
203
2736
6131
7659
6647
2005
2075
5768
1247
3847
5856
8524
8249
1737
6604
5727
1166
15
8888
7790
2668
7903
2364
4523
8067
4941
7038
2533
4634
263
1126
7025
8290
8334
9827
6369
5224
5883
5189
739
2601
2411
5950
8244
2692
3170
5394
1896
7891
2870
6393
7569
7251
5233
9586
5074
7081
7738
9778
7146
6042
6450
4900
5425
4639
3240
7951
3047
818
7723
3078
9263
5700
5914
3492
428
9240
3390
6142
7942
8233
5360
1936
777
5204
7637
7672
7792
2705
7985
1278
2267
5385
1072
7521
5371
4714
9355
996
1469
5608
5560
2372
4562
5475
6245
5717
5001
1910
9881
4646
6612
2301
5007
7275
2063
2199
6533
4972
807
3409
210
5349
3328
4266
7434
4222
8855
4354
7808
9001
605
2103
8261
8742
8906
7748
1694
5483
2133
8241
624
8840
5612
1019
4148
1158
7182
217
3115
6031
3285
115
1342
9670
7609
9203
9008
4544
1237
7018
8685
6901
7831
3424
7589
1535
4454
5583
9216
759
1382
7256
6181
5708
4690
8922
6286
8934
3617
4866
6727
5540
9539
814
7136
8477
1461
9807
2291
1795
8229
9798
5717
9976
5990
348
6449
7605
3008
2557
9721
8900
3676
8213
1649
4798
9437
8217
4699
390
7581
905
8801
6637
6751
4124
6516
9480
3156
5353
2490
8811
2650
5065
2168
5347
3812
307
9896
3766
5102
3044
6041
1666
1848
470
469
3596
9449
7264
4291
2094
3808
3408
8145
7841
2283
9819
4965
5141
886
7623
2226
5006
886
610
5490
7918
4661
6730
1400
1864
1639
5263
4854
6733
727
1080
5799
6315
9969
2631
2142
4828
7244
6300
1884
7415
302
5951
4980
6635
5022
8709
8204
1667
9697
3355
7652
6201
7302
8904
9967
4119
7200
757
1992
9497
6416
6206
3316
308
4604
2210
7127
1679
1859
4787
1531
7456
1088
8182
7304
1344
4698
3289
3171
761
2724
2943
3190
7809
391
2494
8060
8442
848
8784
105
5647
9375
3732
6300
6369
4711
2636
4661
8169
2023
6310
1326
2206
4329
6349
7085
4402
6031
7652
1696
3179
3175
6983
2704
2280
9342
1217
1274
3195
2553
6375
8988
922
5765
77
2464
2436
143
1178
5499
2292
4308
6304
1539
9214
3382
161
30
2957
5418
8627
5822
6539
8399
2547
3528
7166
1564
9466
306
9810
3414
3143
4640
9784
136
7384
6077
1939
9832
7843
2521
8815
2202
8725
2319
6953
4658
307
2357
6706
4984
7301
2340
3158
60
9682
286
1249
1163
5017
7164
4802
6808
666
6641
6786
3158
6501
4905
6066
425
9581
5737
2644
4792
3433
4287
276
7077
7169
5377
7967
6069
1442
5078
4105
4634
1984
14
4140
7280
7567
2969
9891
1720
5542
1477
1593
4437
305
3562
3500
7127
5845
1824
7303
8554
9722
6072
1751
8447
3381
7026
2160
5503
2881
9826
4787
690
6228
2264
1578
383
7616
9732
9106
5745
421
8326
2213
2628
7532
1890
7579
1282
5125
2161
7570
7506
2338
7446
8212
2083
2899
9141
9745
203
1711
3074
4977
9773
2093
4680
5589
2720
9486
4749
8655
5806
4464
3508
5296
5736
6536
650
3196
3959
7186
4615
1123
3348
5886
4233
6092
4217
9800
4009
6047
4316
7934
2639
324
3718
3850
6633
6030
4119
4014
2359
125
5036
2967
6654
4493
957
3527
2068
5111
8643
7061
3555
3984
2408
898
4869
1937
563
2459
1404
9128
6218
3903
9593
213
9384
9737
9494
9165
2194
4899
8657
9941
4114
3821
5081
2163
3517
2564
8040
892
7678
1214
1892
1944
6554
8770
4605
1602
6244
1309
6870
3118
9937
193
985
6221
711
4801
7014
1967
1617
5863
5340
7473
3674
4028
1824
3142
1047
1689
1648
562
8649
727
3339
8412
1042
5271
2622
3743
5198
2150
6005
6722
4867
1609
519
1755
7125
1410
9376
1374
4675
1731
7833
4586
7342
7435
4254
7480
7183
2118
5776
2177
9919
9344
6280
8803
7715
5594
7250
3851
7388
6492
7691
6750
3247
330
6764
362
580
97
5758
9372
3696
6839
8280
6672
3709
1550
3801
2357
5350
5004
6686
118
4247
7901
794
1851
923
8988
4553
6331
7128
4194
7817
5191
1527
8521
384
2200
2219
6711
3687
320
3994
6123
3853
6652
6040
9413
934
6157
7773
9005
6037
8849
2418
6202
9257
3555
3801
4659
7456
4634
7361
7943
6154
6469
5252
1047
8340
5212
9129
8181
829
5479
3762
2298
5384
926
8336
8530
782
2847
407
8679
3438
4597
1306
9837
1190
2585
5257
1637
4793
7290
3341
8684
4512
3760
5106
2064
6460
3506
522
8259
3312
4051
4538
8576
3584
9969
9292
7564
4545
6245
9336
5629
5393
606
1635
3887
3728
947
5402
1240
3257
9555
5370
4717
9973
6568
4883
9514
8951
2978
3543
1276
8935
4322
5183
1664
3442
7145
5691
4214
1141
9942
4031
454
4795
747
236
734
2438
3231
9341
4584
5267
4869
6254
3247
1043
5604
8818
6235
5010
1270
2132
1638
5489
6737
6093
688
8854
6192
9437
1997
686
5707
8823
2962
6039
802
4759
4522
7666
2551
9007
7141
4051
236
7791
2407
1933
2361
9491
3190
692
438
9303
9421
2687
1834
2217
7763
9985
461
3028
594
2928
5085
2469
7026
3970
7921
202
515
9548
7911
9247
1258
9604
3322
9937
5428
4426
7910
515
1937
2540
9950
3886
4978
685
7183
9964
3919
2794
4113
4224
6423
468
6549
6183
5741
9562
3813
5407
403
1786
3813
6324
4769
2014
3500
4427
8460
2278
2979
1708
8784
2031
8319
6648
1381
681
5546
9354
1609
7703
687
7015
1238
9385
1043
3420
9638
3768
2858
6478
1474
5269
9212
4671
1500
3745
7365
1198
44
4668
2182
4240
4076
5396
3678
8831
3026
2280
4040
830
2907
1626
3783
2449
8548
987
6650
1313
3762
2489
3850
7911
2285
5183
6501
3399
7094
6704
5852
3567
1993
1288
9336
2612
2099
208
5735
6143
760
2300
2417
6118
929
4696
5027
3061
8858
8709
9806
5716
3074
4219
9473
6301
6595
9539
1764
8970
1036
2871
4766
2081
9522
1188
9405
3741
5186
7375
896
8567
6401
3517
1894
4552
6077
693
8343
8958
1618
6100
1625
6164
5600
2367
4635
3605
4371
6772
8442
7789
9117
8263
6208
2847
4105
1334
7269
5461
4448
9308
6725
7663
1405
2084
7216
3083
3808
4681
2228
2179
8043
740
3093
9716
9411
6460
1753
2
6768
8560
2476
1
9833
7738
4348
1513
9731
2082
6247
4917
8149
6610
9361
6176
3606
4671
8786
6955
6590
3360
1576
8403
3858
4342
9856
4954
4612
5531
7393
9397
8285
7483
2836
102
9596
6368
8645
6673
3418
7470
2500
7937
8652
4892
2949
9297
3134
4744
630
6225
1961
3295
3818
958
8869
3875
3265
5080
941
8324
5355
975
6327
6394
4315
7083
8661
6874
9487
2547
6241
9317
686
3337
6970
785
1112
819
3830
6393
8162
5064
9452
4642
8848
4770
372
305
7898
4522
9240
449
8835
3648
3508
9795
3282
1148
8971
4325
1642
4628
1789
5257
2043
4075
6900
8443
8879
9483
3235
4814
3496
8441
4149
2814
6692
7535
3564
96
7347
7286
3153
5544
94
4353
1645
1400
8593
5064
2850
4106
5995
2093
6055
6796
7613
6677
3746
7425
6682
7947
1740
1509
375
2262
9823
7005
6498
4016
2892
4385
6665
1032
4211
9257
6787
1786
1843
1457
1474
3542
6038
5369
6105
4486
332
3331
2365
7740
2778
2934
8579
7128
2950
9718
1418
8940
4865
9609
9565
5792
3997
6563
5967
9312
3447
2130
5903
4910
2184
9456
747
354
9860
8996
3555
7470
9971
2176
506
4226
6514
7600
7263
5181
8105
5543
4352
4350
8002
8181
9577
8749
4125
4930
1960
1528
331
3878
4622
9895
9027
9761
3640
579
7796
2975
5702
3041
6774
4878
8114
1112
9233
4047
9888
7538
8517
5546
1172
2497
3053
8694
7833
5403
1310
8038
1427
4524
3467
6493
1927
4269
659
6146
7234
191
7142
7777
3363
5016
2404
3195
4830
3640
2823
6656
8228
1010
6966
9795
3494
6079
5271
3089
6886
5970
8999
7051
9803
3718
5911
7508
1971
167
7987
4183
3972
7221
8027
7730
6150
9229
4837
1074
2366
1655
9841
8819
8658
6649
926
727
2196
2553
1654
3910
3252
6121
634
9145
8890
4258
1088
8320
745
9219
8707
1061
4071
6990
3094
1140
1059
4823
6316
9633
2818
8315
7198
5782
8815
4553
4209
9649
4133
6594
4598
9207
8809
4145
7317
45
9108
4220
6474
8500
6644
4730
196
8050
1194
5831
2699
4629
856
2263
4931
5571
5645
364
4107
5737
6847
3299
4243
211
1842
8490
3480
9575
5324
4511
9827
6584
9279
2673
956
6981
5239
8378
2074
6494
8302
5492
8389
1122
7761
6401
4329
1667
1971
2757
6471
4969
9284
4666
3497
4238
1630
7375
7789
4849
9152
6615
2647
668
271
3817
271
5313
2048
3244
8430
3031
3560
69
5322
9863
577
1080
2972
3752
8378
2587
3783
1660
2758
7358
1636
9520
3634
2512
5004
4750
1931
9453
7373
8360
1417
5001
6687
9939
5679
3560
574
898
3949
1352
147
1430
2479
952
1007
6247
9427
8083
779
4412
5014
1229
790
705
250
8207
6813
8669
1350
5425
6272
4486
7631
5171
6806
6437
9273
5655
5995
9366
2125
4251
816
2280
2833
2927
9692
520
7346
7805
5715
3382
4421
3409
166
8815
3123
2462
5106
3513
784
6298
9635
4965
1397
5775
4902
1370
7304
1514
5946
3893
3799
6271
1388
4476
7133
8919
6111
7849
4933
4689
9435
3818
2515
8441
7116
9058
710
377
2043
1181
4175
7223
810
8952
8534
7782
1028
8334
4461
4856
2799
1989
286
3276
6385
1155
6457
8800
2782
8603
2112
7226
5775
9220
4975
7571
3089
2731
1765
4482
1407
1476
9358
4729
9366
7187
2689
3799
133
5667
8505
94
369
238
4812
6051
7175
4435
2077
9550
9733
3304
8263
6079
9676
2621
9742
874
6742
1182
7101
2258
4297
9083
3775
9094
7996
9240
8127
4037
8427
2319
206
7280
5289
2345
63
6313
9448
3319
564
3419
670
6184
5255
5850
6244
1791
1610
3509
2754
1023
6563
6431
2987
9192
817
6452
9097
5856
4953
9241
6385
9013
7437
4812
710
659
2476
9853
3559
8191
7430
3936
3395
2397
4800
4310
6897
2889
9050
2514
7839
8676
6811
6335
2012
2045
763
6397
2109
1037
2411
6639
4433
1141
1848
2091
9165
5753
7860
4160
1010
5268
4807
3152
726
3006
5205
7066
8704
7886
864
673
5561
2891
5725
9529
8934
9826
9837
6529
5573
412
5708
4205
8014
8139
668
4970
6181
2438
9093
6681
614
8143
7739
2312
8913
1214
8965
8821
1238
6516
7894
3466
1033
689
8926
9877
3407
6308
2782
5155
2569
7908
3514
792
5080
5090
6650
1546
3522
7016
553
9905
2049
8675
6723
379
2540
6669
1599
6372
4317
5003
5856
8842
1045
2006
5483
9954
9345
1016
4232
6342
6732
3437
9125
7922
761
4685
6239
3944
7837
7129
514
1162
7912
7133
1893
2905
5843
7325
6920
9737
5632
3077
5813
8928
5402
419
9887
2658
817
2723
3588
5533
7803
665
6929
5179
2612
6308
5343
8721
1149
1863
3098
9210
6495
8385
1956
5645
1190
4234
2712
5648
8447
5382
3396
1219
806
1426
1399
9632
7336
1977
5812
8639
5876
1489
1372
4037
4698
9834
4170
6648
9221
3351
7210
6093
599
9566
9762
4204
3973
3695
5579
272
5300
3214
4615
7397
8215
8289
2423
8984
9621
3487
5861
3300
8501
6786
3573
3715
1928
5417
1504
819
5822
8999
3146
953
6672
121
2198
4749
6999
1675
518
5952
2585
3989
3257
7727
183
4094
9436
6887
5657
7200
2652
4347
7574
1833
6824
88
7741
1264
8125
3891
4666
7843
8049
2113
3013
9974
850
1073
7087
6506
5267
9846
3463
7386
31
3439
976
1260
1833
505
3195
5238
3240
9791
316
3812
4390
6948
9899
4394
797
8745
7304
4354
8661
8209
3134
6770
5035
3001
9872
6097
270
2446
3338
755
5967
7874
4901
5864
3711
9140
8148
3397
6635
5876
254
2090
6336
6004
1748
111
6840
7340
8723
9638
6215
1556
523
5131
757
968
8893
5030
6174
4027
5141
7253
5797
3847
8468
9044
6475
8826
9732
7706
2630
2050
9684
156
438
2987
7071
4947
5295
5982
348
5391
8339
9018
8548
27
3253
8982
3384
2177
3757
2786
5288
9813
1190
6171
9129
147
4790
6826
6719
1546
22
5783
9882
7954
5651
9384
4684
2628
1211
1659
4896
6788
1262
3110
3124
7055
3347
7573
5586
8504
8204
6294
9564
9093
4866
3294
7022
2414
4876
6390
2348
9445
8982
5680
7297
5692
7421
9204
7241
2548
50
7477
7294
6593
7571
8607
7731
8886
8900
9803
8088
827
2993
6239
5664
2015
4991
4847
1063
3003
6636
9777
7489
9971
9543
5754
7957
8353
7901
6993
1820
7159
4282
9583
8118
3014
9517
9783
6093
2630
2711
9381
9356
877
8007
2329
7892
6790
6060
1159
2545
7674
6497
77
9346
8240
55
9421
4694
7527
9247
2630
3776
5386
1096
8259
115
7243
9178
3757
302
8225
5183
8642
3910
3575
5914
8795
3964
92
8191
532
6699
8964
3688
428
1880
94
4014
3386
6425
7887
8521
7624
8110
2239
7088
7425
9854
3988
6468
2572
9548
3679
4850
1899
8807
2982
9039
429
6135
316
9974
4540
5366
3787
7468
2022
4375
352
2021
3179
5838
8553
914
8387
1187
7691
1915
3386
8403
9235
5115
2258
4631
9886
920
8674
5131
4807
1840
761
7396
5386
3903
7124
3207
3702
4539
1500
597
6668
4012
5595
843
5167
2287
9790
424
5933
486
5452
2976
9721
1963
5023
2077
5729
7669
4152
5222
9489
2024
4643
1334
1460
8996
2332
6952
1739
5330
3867
3128
1325
7014
424
5173
7146
3483
2904
7967
3861
1452
3073
7113
2068
4636
4279
3204
9959
7987
7205
7068
2191
9779
3753
2827
1431
3054
4463
384
337
5355
2657
2811
6288
5079
7210
3894
6145
9174
9896
1768
911
5513
1269
3401
5007
3956
5309
6505
9215
9384
810
7925
2057
9448
8419
6643
7167
3853
1954
5457
2719
1908
6062
5273
416
8089
1835
2273
9999
8363
9853
8708
4844
9387
1242
7049
6851
5047
2589
3502
7669
315
3038
2005
953
7082
1100
5978
9229
5152
1900
5899
5195
8166
3124
1147
2083
5883
8684
8897
6831
4367
7800
2498
7460
8575
3602
1222
9503
9941
9078
6881
5480
1775
4996
7183
3227
6499
8884
1307
9795
5029
1683
3238
2820
7948
5503
1366
4774
5709
3935
1957
562
6663
2558
8946
856
5410
596
8160
8446
3282
90
9366
2967
704
8528
4373
7162
951
4487
1668
561
8947
369
6684
2966
3565
908
6384
6312
6565
1892
9900
7985
3188
6096
5284
9820
2593
3781
6272
4300
7712
994
671
8213
5458
5853
9526
3452
5775
5552
940
7322
2850
1425
2135
4821
3892
4531
6536
8397
3629
2207
6412
3725
7464
1421
7613
3950
1296
6709
8029
9257
1623
178
7454
840
607
1636
5028
5583
653
6920
9369
9196
2733
1446
4431
7389
3963
660
8377
5821
4158
1811
4131
4515
8026
2487
8861
3279
5101
1951
924
7967
6574
7136
2688
8891
7336
1437
8330
4821
5952
9150
4328
4446
4179
3390
322
2435
8375
169
4359
1381
2210
209
9047
3233
6940
4663
7055
1034
3777
3493
1482
6638
3527
8775
1176
136
9137
4346
4142
4430
3308
8329
9543
3340
4762
9730
1059
5031
3160
865
6779
6005
1772
6893
1918
3537
9032
2192
561
4578
4152
3572
3669
404
5314
9800
6146
3841
2405
1330
2628
4967
8144
2058
5313
8209
9742
9297
3949
3325
4409
6059
7757
1749
4507
4392
8198
1755
123
4107
904
1134
7178
515
2609
3796
7497
738
3136
4507
5266
5974
2259
1519
4767
2086
1974
1011
8792
8011
9865
1868
1756
7943
5738
5106
3376
9150
5362
7075
9910
6225
8552
9833
9146
2576
3587
3683
3073
8282
6072
6481
6298
8435
1015
5876
8215
5629
6146
9104
9600
9906
7919
9353
2607
9126
2271
2759
42
9215
4919
6506
4463
8836
6072
9186
361
985
9093
7226
6664
183
4726
6743
1527
2750
1163
1235
75
3060
2616
1969
9702
7886
3218
4579
6958
8514
970
8383
3660
4326
6028
6703
7420
1186
4460
9086
7206
916
6865
9320
1853
7747
8795
8636
5066
349
5089
1001
12
1762
9104
6038
7074
1379
8726
3948
5993
1933
7649
904
9751
2751
8090
6820
3835
409
8399
6440
5384
5775
9102
2528
1950
9122
340
8815
9562
4154
9376
1516
1399
2572
4209
2905
6834
3649
5511
9863
2017
9596
5966
3202
4842
7542
7842
2625
6998
1458
3211
9426
194
9280
3906
6536
1177
5688
4648
3354
4631
5918
2423
2687
2839
7428
5912
9666
3798
2400
682
9422
8839
5392
739
8814
5269
1587
9592
1646
5393
9421
399
5170
4078
5922
2886
6091
2919
7174
3394
4349
3745
6576
8882
9874
3292
3571
1505
4252
1055
4373
3421
3462
6299
4013
2117
5596
8507
4012
6358
5082
8354
9641
9023
2471
6799
6747
58
8140
9657
2015
5532
3934
1692
5346
1078
7072
8073
976
9424
4736
8337
2283
486
2804
8139
966
5035
3473
8254
3277
3469
2910
4000
4210
3988
2592
5683
9766
6975
9092
9744
8157
8643
9345
6610
2753
36
9581
8725
7144
3730
7499
9962
5765
9376
7330
5878
6111
9048
8501
7412
8975
5557
7212
7286
6963
530
9318
6766
5389
5756
3320
8711
7019
5171
2056
8976
5983
2417
343
5728
9086
2429
5382
6891
5317
2769
2504
7189
3332
6461
7275
7362
9111
3626
1511
2712
4959
2760
3678
7573
5140
4391
4693
543
2819
6044
4322
5152
1313
9970
5934
8962
2084
5871
799
7697
6727
4865
5066
1354
6030
9973
4609
9594
674
8065
175
9960
1187
2952
2461
7315
5139
2249
6061
482
2741
2224
29
6112
9345
2182
2813
4980
3646
6632
8936
1047
4652
6981
3105
9475
9858
1390
255
7651
2582
3119
4728
7105
3314
6483
145
846
6865
2312
6916
537
1804
8223
5867
2490
5497
3028
425
1978
571
9686
4238
3114
8302
3908
5880
9676
131
4187
8755
6615
4301
4285
2174
4577
4885
2244
5457
2146
6321
3715
1739
7996
2081
9875
8258
4500
418
7089
6709
8771
3077
9443
6413
8767
8201
5912
9363
6518
9373
2126
8285
5408
6479
4905
6460
9347
8491
2852
901
1818
6705
1608
9808
6227
2632
4734
1491
7330
8807
9242
4963
9879
7941
7794
8050
4971
7779
1423
8891
5737
6887
6515
1962
5989
5732
6805
3636
8860
6975
6668
875
5959
2728
2710
1727
12
9797
6739
1223
7091
7172
8896
6804
7334
313
6970
6884
1072
6119
7098
8536
669
2951
4199
2877
1433
8357
2462
5194
2286
2893
7458
4340
6763
4166
583
279
6000
8117
3942
8109
2901
1245
1219
3126
9507
9666
3329
9675
1988
9581
3571
2382
4669
7321
1878
9116
4850
619
8596
1929
91
3599
2709
6006
8180
6017
8981
5178
4127
1094
2211
8140
1044
7518
1762
7164
1330
7375
2419
7156
3333
7940
2169
6657
2758
2502
8478
3685
6788
4404
5906
6406
3079
2438
5478
7690
9157
919
2561
2523
456
9326
7459
3515
1921
7874
167
2486
5316
6789
4941
2549
990
8662
6138
2834
1161
6545
2510
8675
7999
8612
8488
1828
2720
5012
6674
1260
9351
6340
8600
7728
9249
9417
8620
2625
9222
5867
111
4315
181
437
8019
842
8881
8887
5068
8384
2617
8896
7557
4711
5011
7654
1368
2858
2171
4327
1876
7413
9694
560
8528
7266
4750
3665
8
7384
7966
9693
7517
3181
6243
6070
3389
8947
4582
2936
6813
9892
7982
1377
2260
8948
2296
8137
7477
2561
6288
9156
8333
9846
6801
7723
3526
9734
2729
7608
3079
1805
7838
6288
5747
4649
298
152
4230
8532
9301
2456
9163
8866
143
88
5457
3692
1490
9087
8704
9251
3854
836
2408
5998
6755
5045
6664
3670
5509
6492
8127
9745
3446
7679
2101
9594
8696
9168
7462
9138
7421
5138
9485
9071
3074
3855
2108
4584
9351
3323
5394
4429
7479
5802
955
1750
324
7313
1776
4932
5650
7129
4981
8118
5577
4661
8954
464
3395
1291
5893
21
8180
7288
3074
7491
8368
5161
761
2301
647
5350
4414
4272
5835
7166
7691
8249
3616
8009
5295
8711
9148
576
6293
6772
6128
1761
3000
7983
417
3874
7960
6060
6750
9613
7937
5711
4577
6632
7875
6318
1358
6029
4521
5482
7593
2608
9707
8072
9260
3277
7678
4384
8577
2937
8311
815
2982
7710
2762
2280
1729
5406
2591
592
8885
7295
7962
5524
9398
7928
7240
1648
2227
6958
2849
7119
7789
955
6525
2387
4957
1880
6951
9000
9901
5353
6413
8815
9830
6771
3204
6992
371
263
6502
4518
8258
9109
3303
4488
729
1760
9889
6530
2717
3238
3452
4790
7268
7214
6298
2242
1238
7929
3928
5516
2771
9734
9363
6946
4600
9691
8937
3983
4901
3665
2686
4039
470
8959
4605
8344
3813
6797
9852
920
187
8342
5285
6357
2317
7136
2848
4400
7903
2013
82
9900
4906
8273
4933
3040
2957
3066
7320
8307
8012
636
7748
6712
4519
8395
415
4518
8943
5093
9625
438
4750
8808
9314
6133
8149
8290
1286
6687
2855
3147
6078
9702
3038
8399
7342
7109
5536
6668
4492
7028
5617
1401
3438
4682
6303
3637
3125
673
5650
471
5867
2544
5237
5933
7473
4927
6507
1186
7944
2786
2770
2911
1451
3558
5418
9279
4658
8310
225
7161
7397
9891
6930
3627
3175
8200
1306
7213
9023
3234
7929
9315
5773
6689
1264
2260
3400
5951
2857
5596
3462
8127
8650
4558
5375
2342
8385
4985
3623
9349
1587
4619
9696
4171
1246
8471
2514
93
7271
3418
9142
5963
6345
3740
2700
1405
7523
5626
9619
3748
4042
21
2445
1942
1260
7443
3151
6916
8887
8275
4353
1671
6414
3614
9334
9501
5770
4236
3515
4373
5129
6204
6703
6699
3381
2421
9363
6858
5129
8299
4641
8244
3766
9941
1670
4718
9995
100
2467
1360
9941
9383
9564
2976
740
325
3647
9574
8091
4055
1077
9523
4324
4369
3864
9411
1330
7478
6728
9998
41
4478
4996
4514
602
1368
5269
8845
8595
3517
9209
4964
3745
4213
5990
6426
8838
331
283
8827
5386
6402
5404
3802
5570
469
8246
1272
5145
8497
7306
7348
7729
6277
610
9451
3786
918
5746
7685
2682
6402
7118
7002
2535
4285
3230
1352
876
2541
6437
90
4963
6105
8196
2788
9506
3895
4540
1611
3729
9956
473
5391
4538
1588
8529
685
224
4406
3428
9190
3613
1100
4209
5670
5198
45
2801
8107
6186
4207
5903
8542
9583
2595
8084
5659
2466
4743
3364
8019
4953
8404
1604
1829
8341
7743
2730
6087
7702
8037
981
2679
3012
4855
8830
282
2190
6581
7229
7239
1269
9494
5462
249
7126
8156
4742
8001
9019
6211
12
690
4912
9864
5906
859
1961
5339
5061
6995
9672
7664
8943
4639
7273
9088
8195
1006
5238
242
7967
4273
8564
3931
2448
5353
154
2861
473
1532
504
2858
8104
4133
7249
1815
3937
3443
9877
4473
8200
3011
1018
8099
8548
5509
3570
7296
4332
2252
6458
8612
114
1853
2711
6623
8450
1505
2173
9233
664
5071
2393
8898
4499
1675
3204
537
9767
1491
6698
2199
1038
5914
5440
1234
4903
112
5068
9666
8062
7571
2663
9834
7632
446
8488
9596
9149
1215
7162
2762
7778
408
8296
6238
5705
5499
1151
1485
3360
9615
2419
5936
4205
3051
6551
1684
5540
5538
556
227
8879
6567
9922
1741
3551
6083
9742
6007
7617
792
1041
8281
5167
4573
3603
2133
8891
9047
1380
4277
6455
6089
1345
853
3668
9218
5921
8329
3755
5539
9477
5908
7296
8758
2653
2537
3436
8731
8860
9141
6984
8297
3828
9945
9004
7327
475
2061
191
7216
3517
6510
7268
5201
4584
856
3968
5678
8211
7364
3668
2248
2215
8578
2605
8938
280
6794
9070
8813
4717
6553
5272
2666
2077
42
920
9978
5459
4506
7999
6064
3011
2110
2906
2044
5741
1947
2134
3802
893
5990
7235
5633
792
964
6813
1149
1526
1682
3932
6357
4755
2258
3178
4702
6623
4436
3543
7780
9442
1596
1518
1807
4287
3753
3686
2699
7220
3819
2239
1655
2021
503
3664
577
5091
3500
5643
1954
1428
9068
9295
2151
4998
3974
2477
350
4131
1998
5275
4331
6088
7461
2675
1261
2716
5746
429
9695
2000
8474
8637
8448
3382
9043
645
432
2840
6782
6147
5763
5365
2152
9738
7781
3877
6496
9790
3040
9516
5084
1653
2187
7588
1327
4718
6605
9293
9590
3368
8749
8762
7873
3230
3082
4783
7209
8566
9416
7201
4769
4570
2741
4572
4846
453
1572
34
6601
1058
6654
9872
2425
2700
249
7890
8282
7873
2028
855
1606
6609
9246
5628
1612
6
2766
4658
1834
2694
560
8516
6389
4733
3579
5570
6560
9963
5089
5697
1435
3403
4520
3627
5349
2081
303
3371
9029
9683
22
2693
8435
9691
8866
3952
266
2214
3804
8906
7973
8049
5954
8867
4244
2421
7702
3280
7320
6895
6674
8810
6641
8153
140
9116
9275
1415
1685
7327
4241
8317
8889
3258
5404
8432
3591
2090
5505
5378
4167
1988
2725
6227
4503
5662
1070
9833
2423
940
109
3669
833
5242
8355
2440
8283
9945
9333
9060
2050
293
2959
7297
4222
5534
5050
6227
1523
8012
5991
7643
9404
2810
6927
3326
7960
6341
4276
8369
8457
4946
3475
997
8849
3942
9596
3918
5031
662
1515
1365
7055
263
8851
807
9931
8828
1941
9755
4217
5223
9279
5738
4122
4667
2480
565
6315
4775
6389
9906
2569
4718
2889
2671
8694
7045
3974
290
9382
2936
108
885
9875
9733
1873
5177
981
1320
1877
3498
478
1528
8649
9158
7320
3713
1013
4612
6064
5262
5513
2781
3010
1996
2195
9592
9205
8777
4641
2766
4293
7665
7112
9717
8869
1759
1159
8556
134
5829
753
9212
1029
3681
2085
5591
4829
436
6941
2021
542
9649
1279
5645
9063
3337
1085
1670
8589
2490
1474
695
2704
1388
774
591
9742
107
283
9202
6009
3113
6066
1278
7673
4905
7821
3252
8345
7723
6473
2909
2923
8938
8997
5887
5482
1690
1449
9714
238
7796
742
7866
6188
1988
6070
1387
1814
9245
5262
8816
6293
6699
918
243
5412
9850
1362
4435
4231
2036
4674
6762
4131
2227
344
2077
4070
6197
1848
7374
8253
6872
2584
7646
510
69
6670
7410
9991
8520
1284
1667
4655
6365
1208
1955
2850
4804
5492
9472
4906
3046
348
4975
450
623
3378
3876
9606
6421
2397
4572
3985
8221
7765
827
19
1136
9264
2081
7715
3558
8590
3692
7355
5114
4763
7962
2948
949
4080
3217
9375
9427
5397
275
2045
7373
4876
4563
1342
1172
2292
8430
300
6276
3877
4816
4788
9839
9920
75
8913
5187
8154
1164
738
6282
2632
371
2182
77
1257
9662
499
2299
448
1262
3028
5048
1951
7029
9325
2079
3787
3897
2348
461
8153
6394
686
6971
9383
2177
6908
1941
1121
4583
2817
8642
1116
97
1873
6411
1124
5663
8937
7353
3375
1978
5881
8826
4154
9915
1318
4627
4926
5602
3242
1152
2386
2029
1375
8655
4310
2408
6476
8859
2316
5101
7856
5896
7854
4357
580
463
9230
2374
4001
2616
979
7322
1114
2454
1210
2908
1675
8861
7766
894
3117
9723
4972
8694
2298
3374
7221
5205
2656
5721
840
2210
3499
6393
6289
9650
4746
3472
5906
1999
2896
957
7760
9346
8132
7559
2651
9833
8590
1173
8969
1191
6546
9430
6400
8568
878
5543
7080
7609
289
2019
9351
9633
3544
3545
596
7986
667
6184
6734
2613
531
1948
5708
515
9300
1433
4059
5156
3072
1225
1602
197
4520
849
5498
7906
1597
8257
3933
4600
9388
4432
8128
441
6421
8889
2836
3489
3362
5784
9129
2437
471
9295
4693
2123
7492
1147
8878
8770
5841
4078
9999
8157
5439
6915
7742
6983
7707
2876
3001
172
3031
667
3539
4340
9330
6978
1736
4930
7001
6222
4611
3158
3384
4277
1264
883
7351
4744
2277
4379
2567
1434
6286
3626
7658
3105
4431
870
8181
9787
3786
2066
4236
4307
4295
6644
9911
9601
3282
1970
4026
3103
3254
7831
5271
5802
5885
1575
9922
161
9122
502
2571
9056
3555
1534
4585
3937
640
6795
7599
1929
4728
6692
659
5277
5039
7385
806
3021
1705
9675
8738
76
8768
2648
6330
9842
4822
2110
3690
1878
7992
9440
4437
8919
186
907
950
6205
6180
9037
3186
5142
6350
5884
8096
2560
2360
2325
3862
2909
2544
8354
2629
9827
6194
5449
4107
7799
51
7061
7229
4744
8507
4374
9275
9022
5584
7038
5833
6871
4698
7964
2007
6585
9186
8927
2145
3531
3313
626
3068
3559
1228
6997
8328
8670
1244
3062
6048
6882
7978
1791
6005
339
131
6324
7776
6910
5262
7389
9499
5387
9776
1643
8941
1605
2112
4363
4450
8708
9386
1720
5548
5341
1906
6568
2863
6525
2590
2867
5612
6388
9301
9100
6254
9952
4307
4797
1353
6183
631
9720
2815
2785
5217
8989
86
3592
1778
9903
5810
9112
8945
5908
1174
7809
4134
8645
9286
7111
6901
9578
6824
5649
3888
6331
1807
480
4047
2135
8410
3655
1923
6627
8426
2010
3959
1277
9452
678
1997
4711
7962
6520
4066
4149
1523
2469
4931
7471
2617
6265
677
4689
3456
6410
7231
8061
5222
2677
5236
8506
5356
2250
8560
5538
599
1218
8226
5144
5473
792
6070
2477
6110
4685
3591
5015
3022
7442
4691
5036
9662
8547
4609
129
2622
5351
9226
2326
6876
2260
7442
1535
2087
7368
7773
4912
3068
8334
9519
2693
3637
7988
3202
2126
7399
5792
8561
3927
2316
570
149
8433
686
3149
2094
9605
3425
2021
667
9398
8829
7853
3718
4930
2053
3221
7350
9324
8288
5637
8298
3888
385
1565
3654
5396
9592
774
1948
3457
4693
8655
5581
5843
1635
2497
8478
5476
2903
4298
1594
2824
8522
8234
8210
14
3654
7536
3682
138
201
8229
5271
6648
1503
8320
2861
9061
1545
4727
2522
791
3960
6910
8944
8792
5866
3404
5221
497
9496
9493
4022
2070
7850
7912
9556
9209
1871
9037
449
8062
2381
3915
3724
4849
9586
6181
1151
5451
3774
9064
8645
660
7813
584
7229
2753
6082
779
451
2155
1059
6391
2838
7043
1859
246
5863
574
820
1816
305
9631
9651
1287
2871
1161
5322
4845
740
187
6025
749
6099
8490
5888
4286
8382
9619
5085
9693
2273
7876
4847
5113
4336
8668
6054
7667
108
6723
270
3749
6799
601
6183
5528
1119
6893
7117
2987
6820
6053
9450
6336
1826
5536
8224
1393
8887
1184
8987
4974
3493
3266
1886
9582
9701
7544
8292
2718
4162
7221
2600
7695
2195
202
3820
21
5806
8199
876
8375
6509
6543
7985
5391
621
5868
6612
5407
5551
2956
8219
1434
2072
9911
1490
2663
8224
2368
2205
1375
1916
3238
2032
9400
1407
7998
5440
7496
6047
3752
1527
6140
1868
2417
4094
2471
3607
8558
2034
4662
1627
3248
3843
336
2787
8979
850
1445
7193
9220
4363
8742
8056
3320
9642
5556
3296
3302
3642
6601
1921
4403
8757
5093
648
4036
3566
9482
9239
9102
5978
1409
7687
7636
7180
3458
1470
5996
688
7569
7045
8385
75
9961
3327
1364
5055
3350
440
6793
1973
2762
184
369
316
4272
1619
2134
7727
3792
9363
593
4620
3297
9467
9744
6452
5473
2091
7290
9280
2718
2184
7134
8204
5966
5486
9415
1352
7106
1675
857
210
5585
811
5778
143
5378
9979
5254
2621
9651
8022
5557
7215
9123
2179
6843
895
781
8421
9246
3709
1895
7312
1982
4711
7798
4136
9072
6163
9597
6276
5035
739
5441
923
4657
5589
5172
1169
5078
3555
2108
1248
3013
5007
6092
2601
3055
635
5049
4794
3784
7822
66
330
7860
2157
3756
4114
7962
4878
8827
4121
8844
6936
2696
52
5045
7137
8919
8657
1423
2884
9381
8264
7347
3067
6537
4527
7967
8199
9382
1082
1815
6608
2115
8573
4756
9852
8204
8854
7384
9673
6515
9524
6563
849
3128
5789
4339
6630
3882
793
7519
3511
8726
6829
6583
9539
2471
5536
555
6287
2234
396
8792
3427
2314
7077
366
347
3911
7969
6066
5639
2408
4017
9777
5263
8832
5839
1435
7261
7794
322
9554
8253
1707
3428
8331
4336
7293
6682
3244
8175
7045
3624
9164
4978
4971
900
2477
1475
3154
3098
2394
4809
4837
9467
9551
9010
1055
9047
2149
3397
1095
8766
589
5595
9576
6402
1477
5181
1785
4235
4612
8364
5725
3015
4164
1849
4885
5445
4837
5044
7523
4857
4476
6519
3571
9594
7084
9033
6252
8531
7465
1841
2554
9252
680
6599
6270
3349
5805
4396
3481
461
7582
2157
4878
141
7255
2326
9472
9667
4701
9923
7560
570
990
1607
6447
9010
4851
6893
2853
7309
8426
8766
8874
9816
6562
5536
9728
8567
504
4860
9231
8341
4314
8891
9549
8531
6450
2217
2002
1290
5049
7049
1455
3605
7043
3542
7638
2648
7399
6127
3661
6111
931
4274
2534
8199
7740
3208
4280
7777
5582
1872
8638
6182
9500
2948
4878
631
9715
8565
4138
9609
9581
8539
5818
7319
1486
8790
4963
7346
157
5090
9495
1930
570
9889
3715
892
4412
9580
9305
4283
2005
5771
1078
6686
8290
6102
2076
1966
6708
9065
2416
8756
9137
9465
6769
3239
4978
4289
6388
8832
4236
9405
6684
6002
5260
8499
6449
9896
3336
1787
805
2683
8828
1174
7897
169
1730
9700
2713
6274
4159
9056
9084
4740
4914
2776
7928
330
8176
3221
2973
6634
6242
4747
7296
6757
6015
4792
9322
4702
8597
31
8200
953
7902
6083
8143
9107
6061
4845
3074
1116
7361
6758
8246
561
1937
1617
3702
3857
336
9892
2530
2542
7834
4708
5533
8349
9032
7002
6671
4095
8926
5069
2009
7250
2759
6063
109
7712
7340
7748
7527
3821
1433
8327
174
5723
3583
1715
5977
3930
3647
2814
6997
8144
9269
1534
9348
5505
8855
3317
843
6707
8373
3605
2290
2749
8444
4868
1829
5981
997
4173
4536
5127
9880
9755
1081
1966
7272
3604
8656
1202
7030
678
3510
8822
6081
8842
2316
2765
8496
8634
3207
3985
4396
92
2550
9975
2852
4646
5554
5447
1798
1223
6223
4992
3457
3802
3847
2306
7840
2152
2879
7690
1212
8716
9805
9130
2778
4316
3749
6990
3568
3715
1596
8997
7625
337
9829
3948
1920
7988
2176
984
183
844
2299
8407
9683
6657
1543
4608
2065
5036
9996
9383
3480
1898
6685
9339
2250
4088
9957
5669
9295
2900
6242
6086
1244
151
4155
4834
4732
2911
6274
8765
6446
3579
3430
4624
4475
1485
7258
9091
9949
4544
7541
3961
8072
8672
7234
9791
2860
3491
67
2436
969
7343
1154
9756
6785
1319
1941
5254
7023
2405
279
8719
3410
3948
515
3280
9963
5453
8985
2039
2070
9659
9270
8579
8129
1773
9119
5795
765
6148
7601
5012
2046
1545
1472
5803
2051
2918
5331
4322
4545
6822
678
8392
5666
2237
6820
8922
3805
3090
9146
6200
6436
7860
24
7078
3464
3505
3579
1430
3253
6753
3252
1985
9784
1907
879
906
2421
6591
5919
1238
6342
7894
7049
9794
3248
7442
4921
4972
2640
1958
3674
6419
9975
2261
8743
3808
8590
671
6673
6975
3886
6565
1895
3156
3454
1498
9822
1004
1740
9230
79
6035
9927
8628
3758
4850
1290
6886
5408
1574
3243
7365
4877
7990
8767
8629
8091
9272
4336
6488
4926
1554
5785
5306
5372
366
7109
9055
6985
3288
7669
9382
4347
228
4897
9189
7551
602
1487
3603
7112
4513
812
7544
123
2736
5080
2650
6267
1890
5791
7160
7757
6008
4901
3567
3504
3481
1704
8583
9934
2596
1883
6386
1773
1582
9684
5210
3476
9425
378
9324
8683
2244
6620
8658
4049
1162
4366
2058
2649
8655
8595
1927
2455
578
7115
3031
5654
98
243
7844
5477
8929
3584
4655
6335
9596
3695
1702
3256
8012
8692
9457
946
3253
3845
6084
9350
3677
3491
5515
9246
4622
6765
5398
3164
6110
4036
1041
7762
4489
9433
5748
6420
4248
4051
3611
3174
650
5704
8128
1964
7663
8301
3704
2365
1070
5366
9554
9987
9618
9526
1799
7796
83
3716
1779
8497
1071
6195
7454
6722
2865
963
306
5147
22
4159
9578
719
3597
4153
4034
6145
7045
1080
711
3962
1151
4404
6805
3206
7226
8399
1056
447
1382
4928
9627
2193
884
2887
1807
3600
9634
1132
3262
6802
2124
7067
2738
4956
7373
1503
7248
8091
6070
2946
605
5487
3647
9764
2950
3144
4597
4479
6356
4212
2857
8784
6745
2756
3714
5078
1970
4614
2246
2097
6202
7478
9054
1575
9358
6362
3349
9344
9016
8135
7546
366
2822
7726
4015
5299
2335
1653
8710
7618
5191
1169
458
5953
5339
1859
1055
9477
5337
920
204
4990
9097
6602
8160
6108
3394
384
7820
7068
8910
2196
6517
5453
8709
5563
8311
2021
1551
3120
6958
6720
1015
3221
1000
9279
2213
8975
7427
5964
7459
5378
4973
5643
5796
4149
9896
2511
4671
2417
4027
5746
6161
5163
5162
2721
7437
1233
5348
8511
8294
6016
1806
6051
3503
8440
7658
9223
9704
2775
7619
1379
8283
1416
7585
9969
5955
6067
7025
7737
8754
8709
615
4593
4418
4011
8428
1833
5178
7280
1777
6008
7976
8067
7570
9420
8514
8897
9654
8609
8444
8192
9256
5361
7660
6123
9891
3850
4758
4039
1460
367
6905
4973
7989
2028
8936
8543
4606
7694
8888
5931
6015
9910
3131
8681
8805
6929
1204
6129
7903
5941
1372
5298
7179
3378
4985
62
8696
9457
1224
7010
3009
4702
9643
5323
4876
333
4298
9549
1056
8463
9052
6613
586
5701
596
4082
3428
4045
5307
8547
5952
9674
6094
7940
4086
3079
932
5357
9663
51
6933
2423
802
9107
9035
1366
5677
5820
2869
9884
2188
3179
7613
3601
7525
6634
9467
1178
9870
644
8048
3478
4437
376
8827
6090
3015
7099
7406
4968
2572
2475
1861
7766
3124
7987
4768
911
5152
4950
4814
8510
3372
7377
4987
5613
9029
7341
6778
714
3549
2124
146
856
1800
3297
1582
3156
4268
1425
2030
4062
8209
8384
3936
6213
3342
9354
2160
9672
971
9389
4145
2648
7997
126
9281
933
7894
2297
7362
9418
1273
3426
7278
2912
8611
2418
4295
4790
1927
2369
675
9892
9992
2536
1013
4498
3765
6183
5636
2101
6104
7024
3452
5644
1956
245
6743
8235
5904
5561
9728
4328
5877
7969
349
1042
894
2436
1333
4171
7844
6634
3631
3151
9855
263
844
6185
9766
4128
3547
9300
1345
4610
8335
4326
8128
6307
9209
2845
794
6146
1992
8127
3203
294
1579
6568
4400
7857
2460
4356
7972
8471
5840
9114
13
5314
1982
7227
1970
4049
8245
5329
4816
9466
2896
4716
8735
9027
305
1278
751
6900
6439
9090
3825
1223
4822
1982
5012
2193
4218
7042
1815
8140
4746
4971
8547
106
2953
9658
1602
3150
9247
5038
9485
4316
9324
2469
5835
2524
2393
3892
1621
3539
1035
8110
8945
9244
8857
1057
488
1520
524
3278
5488
7705
537
6510
6693
8323
1163
4231
2154
2857
2640
745
8320
1389
8138
1364
2511
4405
1853
7716
3750
1483
155
403
5294
9310
1399
9598
5847
8971
2063
3295
5844
4502
2605
7338
5739
1721
2369
2495
4463
6582
9102
6502
1380
6097
4781
926
9151
6357
1472
9511
8298
8614
9591
305
4594
3449
8823
